(1, 1, 1, 1),0,[0, 10000, 0.0]
(1, 1, 1, 1),1,[-201615, 10000, -20.1615]
(1, 1, 1, 1),2,[-200295, 10000, -20.0295]
(1, 1, 1, 1),3,[-308650, 10000, -30.865]
(1, 1, 1, 1),4,[-200865, 10000, -20.0865]
(1, 1, 1, 1),5,[-313925, 10000, -31.3925]
(1, 1, 1, 1),6,[-314820, 10000, -31.482]
(1, 1, 1, 1),7,[-361580, 10000, -36.158]
(1, 1, 1, 1),8,[-200055, 10000, -20.0055]
(1, 1, 1, 1),9,[-311530, 10000, -31.153]
(1, 1, 1, 1),10,[-313695, 10000, -31.3695]
(1, 1, 1, 1),11,[-358965, 10000, -35.8965]
(1, 1, 1, 1),12,[-313425, 10000, -31.3425]
(1, 1, 1, 1),13,[-358250, 10000, -35.825]
(1, 1, 1, 1),14,[-359670, 10000, -35.967]
(1, 1, 1, 1),15,[-360425, 10000, -36.0425]
(1, 1, 1, 2),0,[0, 10000, 0.0]
(1, 1, 1, 2),1,[-74870, 10000, -7.487]
(1, 1, 1, 2),2,[-75565, 10000, -7.5565]
(1, 1, 1, 2),3,[-91730, 10000, -9.173]
(1, 1, 1, 2),4,[-75205, 10000, -7.5205]
(1, 1, 1, 2),5,[-91450, 10000, -9.145]
(1, 1, 1, 2),6,[-91270, 10000, -9.127]
(1, 1, 1, 2),7,[-59985, 10000, -5.9985]
(1, 1, 1, 2),8,[100515, 10000, 10.0515]
(1, 1, 1, 2),9,[-11445, 10000, -1.1445]
(1, 1, 1, 2),10,[-12875, 10000, -1.2875]
(1, 1, 1, 2),11,[-59845, 10000, -5.9845]
(1, 1, 1, 2),12,[-12700, 10000, -1.27]
(1, 1, 1, 2),13,[-58715, 10000, -5.8715]
(1, 1, 1, 2),14,[-59810, 10000, -5.981]
(1, 1, 1, 2),15,[-60165, 10000, -6.0165]
(1, 1, 1, 3),0,[0, 10000, 0.0]
(1, 1, 1, 3),1,[-126000, 10000, -12.6]
(1, 1, 1, 3),2,[-125900, 10000, -12.59]
(1, 1, 1, 3),3,[-187550, 10000, -18.755]
(1, 1, 1, 3),4,[-124100, 10000, -12.41]
(1, 1, 1, 3),5,[-188825, 10000, -18.8825]
(1, 1, 1, 3),6,[-187600, 10000, -18.76]
(1, 1, 1, 3),7,[-209600, 10000, -20.96]
(1, 1, 1, 3),8,[-50985, 10000, -5.0985]
(1, 1, 1, 3),9,[-161965, 10000, -16.1965]
(1, 1, 1, 3),10,[-162695, 10000, -16.2695]
(1, 1, 1, 3),11,[-211005, 10000, -21.1005]
(1, 1, 1, 3),12,[-162620, 10000, -16.262]
(1, 1, 1, 3),13,[-210680, 10000, -21.068]
(1, 1, 1, 3),14,[-211000, 10000, -21.1]
(1, 1, 1, 3),15,[-210570, 10000, -21.057]
(1, 1, 1, 4),0,[0, 10000, 0.0]
(1, 1, 1, 4),1,[-74680, 10000, -7.468]
(1, 1, 1, 4),2,[-75180, 10000, -7.518]
(1, 1, 1, 4),3,[-91460, 10000, -9.146]
(1, 1, 1, 4),4,[-74695, 10000, -7.4695]
(1, 1, 1, 4),5,[-91665, 10000, -9.1665]
(1, 1, 1, 4),6,[-92175, 10000, -9.2175]
(1, 1, 1, 4),7,[-59150, 10000, -5.915]
(1, 1, 1, 4),8,[98985, 10000, 9.8985]
(1, 1, 1, 4),9,[-12535, 10000, -1.2535]
(1, 1, 1, 4),10,[-10170, 10000, -1.017]
(1, 1, 1, 4),11,[-61225, 10000, -6.1225]
(1, 1, 1, 4),12,[-12675, 10000, -1.2675]
(1, 1, 1, 4),13,[-59960, 10000, -5.996]
(1, 1, 1, 4),14,[-59965, 10000, -5.9965]
(1, 1, 1, 4),15,[-59395, 10000, -5.9395]
(1, 1, 1, 5),0,[0, 10000, 0.0]
(1, 1, 1, 5),1,[-127475, 10000, -12.7475]
(1, 1, 1, 5),2,[-124225, 10000, -12.4225]
(1, 1, 1, 5),3,[-188650, 10000, -18.865]
(1, 1, 1, 5),4,[-124475, 10000, -12.4475]
(1, 1, 1, 5),5,[-188200, 10000, -18.82]
(1, 1, 1, 5),6,[-185575, 10000, -18.5575]
(1, 1, 1, 5),7,[-210315, 10000, -21.0315]
(1, 1, 1, 5),8,[-50355, 10000, -5.0355]
(1, 1, 1, 5),9,[-163875, 10000, -16.3875]
(1, 1, 1, 5),10,[-160765, 10000, -16.0765]
(1, 1, 1, 5),11,[-209220, 10000, -20.922]
(1, 1, 1, 5),12,[-163210, 10000, -16.321]
(1, 1, 1, 5),13,[-208690, 10000, -20.869]
(1, 1, 1, 5),14,[-211000, 10000, -21.1]
(1, 1, 1, 5),15,[-209475, 10000, -20.9475]
(1, 1, 1, 6),0,[0, 10000, 0.0]
(1, 1, 1, 6),1,[-75090, 10000, -7.509]
(1, 1, 1, 6),2,[-75355, 10000, -7.5355]
(1, 1, 1, 6),3,[-91645, 10000, -9.1645]
(1, 1, 1, 6),4,[-74635, 10000, -7.4635]
(1, 1, 1, 6),5,[-91580, 10000, -9.158]
(1, 1, 1, 6),6,[-91560, 10000, -9.156]
(1, 1, 1, 6),7,[-61790, 10000, -6.179]
(1, 1, 1, 6),8,[97905, 10000, 9.7905]
(1, 1, 1, 6),9,[-12525, 10000, -1.2525]
(1, 1, 1, 6),10,[-12950, 10000, -1.295]
(1, 1, 1, 6),11,[-59865, 10000, -5.9865]
(1, 1, 1, 6),12,[-13490, 10000, -1.349]
(1, 1, 1, 6),13,[-61170, 10000, -6.117]
(1, 1, 1, 6),14,[-59505, 10000, -5.9505]
(1, 1, 1, 6),15,[-59770, 10000, -5.977]
(1, 1, 2, 2),0,[0, 10000, 0.0]
(1, 1, 2, 2),1,[-25060, 10000, -2.506]
(1, 1, 2, 2),2,[-24370, 10000, -2.437]
(1, 1, 2, 2),3,[36870, 10000, 3.687]
(1, 1, 2, 2),4,[-25205, 10000, -2.5205]
(1, 1, 2, 2),5,[-41345, 10000, -4.1345]
(1, 1, 2, 2),6,[-41545, 10000, -4.1545]
(1, 1, 2, 2),7,[-8010, 10000, -0.801]
(1, 1, 2, 2),8,[-24950, 10000, -2.495]
(1, 1, 2, 2),9,[-41755, 10000, -4.1755]
(1, 1, 2, 2),10,[-41310, 10000, -4.131]
(1, 1, 2, 2),11,[-10925, 10000, -1.0925]
(1, 1, 2, 2),12,[35600, 10000, 3.56]
(1, 1, 2, 2),13,[-9945, 10000, -0.9945]
(1, 1, 2, 2),14,[-10540, 10000, -1.054]
(1, 1, 2, 2),15,[-9990, 10000, -0.999]
(1, 1, 2, 3),0,[0, 10000, 0.0]
(1, 1, 2, 3),1,[0, 10000, 0.0]
(1, 1, 2, 3),2,[0, 10000, 0.0]
(1, 1, 2, 3),3,[8405, 10000, 0.8405]
(1, 1, 2, 3),4,[124900, 10000, 12.49]
(1, 1, 2, 3),5,[62050, 10000, 6.205]
(1, 1, 2, 3),6,[62250, 10000, 6.225]
(1, 1, 2, 3),7,[39505, 10000, 3.9505]
(1, 1, 2, 3),8,[25205, 10000, 2.5205]
(1, 1, 2, 3),9,[8025, 10000, 0.8025]
(1, 1, 2, 3),10,[8090, 10000, 0.809]
(1, 1, 2, 3),11,[40915, 10000, 4.0915]
(1, 1, 2, 3),12,[87700, 10000, 8.77]
(1, 1, 2, 3),13,[41745, 10000, 4.1745]
(1, 1, 2, 3),14,[38745, 10000, 3.8745]
(1, 1, 2, 3),15,[40285, 10000, 4.0285]
(1, 1, 2, 4),0,[0, 10000, 0.0]
(1, 1, 2, 4),1,[0, 10000, 0.0]
(1, 1, 2, 4),2,[0, 10000, 0.0]
(1, 1, 2, 4),3,[61700, 10000, 6.17]
(1, 1, 2, 4),4,[25210, 10000, 2.521]
(1, 1, 2, 4),5,[8080, 10000, 0.808]
(1, 1, 2, 4),6,[8495, 10000, 0.8495]
(1, 1, 2, 4),7,[39370, 10000, 3.937]
(1, 1, 2, 4),8,[24965, 10000, 2.4965]
(1, 1, 2, 4),9,[8640, 10000, 0.864]
(1, 1, 2, 4),10,[8570, 10000, 0.857]
(1, 1, 2, 4),11,[39770, 10000, 3.977]
(1, 1, 2, 4),12,[88290, 10000, 8.829]
(1, 1, 2, 4),13,[38200, 10000, 3.82]
(1, 1, 2, 4),14,[39280, 10000, 3.928]
(1, 1, 2, 4),15,[40110, 10000, 4.011]
(1, 1, 2, 5),0,[0, 10000, 0.0]
(1, 1, 2, 5),1,[0, 10000, 0.0]
(1, 1, 2, 5),2,[0, 10000, 0.0]
(1, 1, 2, 5),3,[8385, 10000, 0.8385]
(1, 1, 2, 5),4,[126250, 10000, 12.625]
(1, 1, 2, 5),5,[62925, 10000, 6.2925]
(1, 1, 2, 5),6,[63300, 10000, 6.33]
(1, 1, 2, 5),7,[38590, 10000, 3.859]
(1, 1, 2, 5),8,[24870, 10000, 2.487]
(1, 1, 2, 5),9,[8315, 10000, 0.8315]
(1, 1, 2, 5),10,[8585, 10000, 0.8585]
(1, 1, 2, 5),11,[37980, 10000, 3.798]
(1, 1, 2, 5),12,[85565, 10000, 8.5565]
(1, 1, 2, 5),13,[40440, 10000, 4.044]
(1, 1, 2, 5),14,[40580, 10000, 4.058]
(1, 1, 2, 5),15,[38255, 10000, 3.8255]
(1, 1, 2, 6),0,[0, 10000, 0.0]
(1, 1, 2, 6),1,[0, 10000, 0.0]
(1, 1, 2, 6),2,[0, 10000, 0.0]
(1, 1, 2, 6),3,[62050, 10000, 6.205]
(1, 1, 2, 6),4,[25110, 10000, 2.511]
(1, 1, 2, 6),5,[8665, 10000, 0.8665]
(1, 1, 2, 6),6,[8265, 10000, 0.8265]
(1, 1, 2, 6),7,[39980, 10000, 3.998]
(1, 1, 2, 6),8,[24930, 10000, 2.493]
(1, 1, 2, 6),9,[8255, 10000, 0.8255]
(1, 1, 2, 6),10,[8810, 10000, 0.881]
(1, 1, 2, 6),11,[38660, 10000, 3.866]
(1, 1, 2, 6),12,[84960, 10000, 8.496]
(1, 1, 2, 6),13,[39750, 10000, 3.975]
(1, 1, 2, 6),14,[37860, 10000, 3.786]
(1, 1, 2, 6),15,[41790, 10000, 4.179]
(1, 1, 3, 3),0,[0, 10000, 0.0]
(1, 1, 3, 3),1,[-124075, 10000, -12.4075]
(1, 1, 3, 3),2,[-124100, 10000, -12.41]
(1, 1, 3, 3),3,[-164215, 10000, -16.4215]
(1, 1, 3, 3),4,[-124450, 10000, -12.445]
(1, 1, 3, 3),5,[-187650, 10000, -18.765]
(1, 1, 3, 3),6,[-189325, 10000, -18.9325]
(1, 1, 3, 3),7,[-209440, 10000, -20.944]
(1, 1, 3, 3),8,[-125975, 10000, -12.5975]
(1, 1, 3, 3),9,[-187525, 10000, -18.7525]
(1, 1, 3, 3),10,[-186150, 10000, -18.615]
(1, 1, 3, 3),11,[-212285, 10000, -21.2285]
(1, 1, 3, 3),12,[-162925, 10000, -16.2925]
(1, 1, 3, 3),13,[-209925, 10000, -20.9925]
(1, 1, 3, 3),14,[-211580, 10000, -21.158]
(1, 1, 3, 3),15,[-210745, 10000, -21.0745]
(1, 1, 3, 4),0,[0, 10000, 0.0]
(1, 1, 3, 4),1,[0, 10000, 0.0]
(1, 1, 3, 4),2,[0, 10000, 0.0]
(1, 1, 3, 4),3,[7995, 10000, 0.7995]
(1, 1, 3, 4),4,[24665, 10000, 2.4665]
(1, 1, 3, 4),5,[8610, 10000, 0.861]
(1, 1, 3, 4),6,[8435, 10000, 0.8435]
(1, 1, 3, 4),7,[39655, 10000, 3.9655]
(1, 1, 3, 4),8,[126925, 10000, 12.6925]
(1, 1, 3, 4),9,[63125, 10000, 6.3125]
(1, 1, 3, 4),10,[62100, 10000, 6.21]
(1, 1, 3, 4),11,[39895, 10000, 3.9895]
(1, 1, 3, 4),12,[88390, 10000, 8.839]
(1, 1, 3, 4),13,[39180, 10000, 3.918]
(1, 1, 3, 4),14,[40870, 10000, 4.087]
(1, 1, 3, 4),15,[38815, 10000, 3.8815]
(1, 1, 3, 5),0,[0, 10000, 0.0]
(1, 1, 3, 5),1,[-123200, 10000, -12.32]
(1, 1, 3, 5),2,[-124850, 10000, -12.485]
(1, 1, 3, 5),3,[-187500, 10000, -18.75]
(1, 1, 3, 5),4,[-126700, 10000, -12.67]
(1, 1, 3, 5),5,[-187400, 10000, -18.74]
(1, 1, 3, 5),6,[-188600, 10000, -18.86]
(1, 1, 3, 5),7,[-211040, 10000, -21.104]
(1, 1, 3, 5),8,[-123900, 10000, -12.39]
(1, 1, 3, 5),9,[-188600, 10000, -18.86]
(1, 1, 3, 5),10,[-186150, 10000, -18.615]
(1, 1, 3, 5),11,[-211090, 10000, -21.109]
(1, 1, 3, 5),12,[-164450, 10000, -16.445]
(1, 1, 3, 5),13,[-211695, 10000, -21.1695]
(1, 1, 3, 5),14,[-211075, 10000, -21.1075]
(1, 1, 3, 5),15,[-210360, 10000, -21.036]
(1, 1, 3, 6),0,[0, 10000, 0.0]
(1, 1, 3, 6),1,[0, 10000, 0.0]
(1, 1, 3, 6),2,[0, 10000, 0.0]
(1, 1, 3, 6),3,[8310, 10000, 0.831]
(1, 1, 3, 6),4,[24550, 10000, 2.455]
(1, 1, 3, 6),5,[8560, 10000, 0.856]
(1, 1, 3, 6),6,[8095, 10000, 0.8095]
(1, 1, 3, 6),7,[40130, 10000, 4.013]
(1, 1, 3, 6),8,[127150, 10000, 12.715]
(1, 1, 3, 6),9,[61450, 10000, 6.145]
(1, 1, 3, 6),10,[61450, 10000, 6.145]
(1, 1, 3, 6),11,[38395, 10000, 3.8395]
(1, 1, 3, 6),12,[86515, 10000, 8.6515]
(1, 1, 3, 6),13,[39010, 10000, 3.901]
(1, 1, 3, 6),14,[40250, 10000, 4.025]
(1, 1, 3, 6),15,[39790, 10000, 3.979]
(1, 1, 4, 4),0,[0, 10000, 0.0]
(1, 1, 4, 4),1,[-24965, 10000, -2.4965]
(1, 1, 4, 4),2,[-24970, 10000, -2.497]
(1, 1, 4, 4),3,[39355, 10000, 3.9355]
(1, 1, 4, 4),4,[-25405, 10000, -2.5405]
(1, 1, 4, 4),5,[-41530, 10000, -4.153]
(1, 1, 4, 4),6,[-41370, 10000, -4.137]
(1, 1, 4, 4),7,[-10995, 10000, -1.0995]
(1, 1, 4, 4),8,[-25595, 10000, -2.5595]
(1, 1, 4, 4),9,[-41780, 10000, -4.178]
(1, 1, 4, 4),10,[-41845, 10000, -4.1845]
(1, 1, 4, 4),11,[-9500, 10000, -0.95]
(1, 1, 4, 4),12,[37475, 10000, 3.7475]
(1, 1, 4, 4),13,[-9075, 10000, -0.9075]
(1, 1, 4, 4),14,[-10125, 10000, -1.0125]
(1, 1, 4, 4),15,[-11205, 10000, -1.1205]
(1, 1, 4, 5),0,[0, 10000, 0.0]
(1, 1, 4, 5),1,[0, 10000, 0.0]
(1, 1, 4, 5),2,[0, 10000, 0.0]
(1, 1, 4, 5),3,[8300, 10000, 0.83]
(1, 1, 4, 5),4,[127275, 10000, 12.7275]
(1, 1, 4, 5),5,[60750, 10000, 6.075]
(1, 1, 4, 5),6,[61800, 10000, 6.18]
(1, 1, 4, 5),7,[40000, 10000, 4.0]
(1, 1, 4, 5),8,[25460, 10000, 2.546]
(1, 1, 4, 5),9,[8005, 10000, 0.8005]
(1, 1, 4, 5),10,[8835, 10000, 0.8835]
(1, 1, 4, 5),11,[39860, 10000, 3.986]
(1, 1, 4, 5),12,[87935, 10000, 8.7935]
(1, 1, 4, 5),13,[39330, 10000, 3.933]
(1, 1, 4, 5),14,[38655, 10000, 3.8655]
(1, 1, 4, 5),15,[40045, 10000, 4.0045]
(1, 1, 4, 6),0,[0, 10000, 0.0]
(1, 1, 4, 6),1,[0, 10000, 0.0]
(1, 1, 4, 6),2,[0, 10000, 0.0]
(1, 1, 4, 6),3,[63500, 10000, 6.35]
(1, 1, 4, 6),4,[25350, 10000, 2.535]
(1, 1, 4, 6),5,[8425, 10000, 0.8425]
(1, 1, 4, 6),6,[8090, 10000, 0.809]
(1, 1, 4, 6),7,[38825, 10000, 3.8825]
(1, 1, 4, 6),8,[24780, 10000, 2.478]
(1, 1, 4, 6),9,[8530, 10000, 0.853]
(1, 1, 4, 6),10,[8505, 10000, 0.8505]
(1, 1, 4, 6),11,[39180, 10000, 3.918]
(1, 1, 4, 6),12,[89125, 10000, 8.9125]
(1, 1, 4, 6),13,[40145, 10000, 4.0145]
(1, 1, 4, 6),14,[40405, 10000, 4.0405]
(1, 1, 4, 6),15,[39670, 10000, 3.967]
(1, 1, 5, 5),0,[0, 10000, 0.0]
(1, 1, 5, 5),1,[-125750, 10000, -12.575]
(1, 1, 5, 5),2,[-124375, 10000, -12.4375]
(1, 1, 5, 5),3,[-161265, 10000, -16.1265]
(1, 1, 5, 5),4,[-125275, 10000, -12.5275]
(1, 1, 5, 5),5,[-187025, 10000, -18.7025]
(1, 1, 5, 5),6,[-187125, 10000, -18.7125]
(1, 1, 5, 5),7,[-210755, 10000, -21.0755]
(1, 1, 5, 5),8,[-126350, 10000, -12.635]
(1, 1, 5, 5),9,[-187350, 10000, -18.735]
(1, 1, 5, 5),10,[-186100, 10000, -18.61]
(1, 1, 5, 5),11,[-209990, 10000, -20.999]
(1, 1, 5, 5),12,[-164350, 10000, -16.435]
(1, 1, 5, 5),13,[-209885, 10000, -20.9885]
(1, 1, 5, 5),14,[-211210, 10000, -21.121]
(1, 1, 5, 5),15,[-211075, 10000, -21.1075]
(1, 1, 5, 6),0,[0, 10000, 0.0]
(1, 1, 5, 6),1,[0, 10000, 0.0]
(1, 1, 5, 6),2,[0, 10000, 0.0]
(1, 1, 5, 6),3,[8425, 10000, 0.8425]
(1, 1, 5, 6),4,[25065, 10000, 2.5065]
(1, 1, 5, 6),5,[8550, 10000, 0.855]
(1, 1, 5, 6),6,[8060, 10000, 0.806]
(1, 1, 5, 6),7,[40915, 10000, 4.0915]
(1, 1, 5, 6),8,[124500, 10000, 12.45]
(1, 1, 5, 6),9,[62100, 10000, 6.21]
(1, 1, 5, 6),10,[61600, 10000, 6.16]
(1, 1, 5, 6),11,[39670, 10000, 3.967]
(1, 1, 5, 6),12,[87200, 10000, 8.72]
(1, 1, 5, 6),13,[38080, 10000, 3.808]
(1, 1, 5, 6),14,[38505, 10000, 3.8505]
(1, 1, 5, 6),15,[39630, 10000, 3.963]
(1, 1, 6, 6),0,[0, 10000, 0.0]
(1, 1, 6, 6),1,[-25350, 10000, -2.535]
(1, 1, 6, 6),2,[-24675, 10000, -2.4675]
(1, 1, 6, 6),3,[36410, 10000, 3.641]
(1, 1, 6, 6),4,[-24145, 10000, -2.4145]
(1, 1, 6, 6),5,[-41365, 10000, -4.1365]
(1, 1, 6, 6),6,[-41655, 10000, -4.1655]
(1, 1, 6, 6),7,[-11095, 10000, -1.1095]
(1, 1, 6, 6),8,[-25140, 10000, -2.514]
(1, 1, 6, 6),9,[-41930, 10000, -4.193]
(1, 1, 6, 6),10,[-41925, 10000, -4.1925]
(1, 1, 6, 6),11,[-9560, 10000, -0.956]
(1, 1, 6, 6),12,[37280, 10000, 3.728]
(1, 1, 6, 6),13,[-10090, 10000, -1.009]
(1, 1, 6, 6),14,[-10450, 10000, -1.045]
(1, 1, 6, 6),15,[-10670, 10000, -1.067]
(1, 2, 2, 2),0,[0, 10000, 0.0]
(1, 2, 2, 2),1,[100650, 10000, 10.065]
(1, 2, 2, 2),2,[-75185, 10000, -7.5185]
(1, 2, 2, 2),3,[-12100, 10000, -1.21]
(1, 2, 2, 2),4,[-75280, 10000, -7.528]
(1, 2, 2, 2),5,[-13070, 10000, -1.307]
(1, 2, 2, 2),6,[-92265, 10000, -9.2265]
(1, 2, 2, 2),7,[-60690, 10000, -6.069]
(1, 2, 2, 2),8,[-74440, 10000, -7.444]
(1, 2, 2, 2),9,[-12665, 10000, -1.2665]
(1, 2, 2, 2),10,[-91190, 10000, -9.119]
(1, 2, 2, 2),11,[-60890, 10000, -6.089]
(1, 2, 2, 2),12,[-91695, 10000, -9.1695]
(1, 2, 2, 2),13,[-60840, 10000, -6.084]
(1, 2, 2, 2),14,[-61175, 10000, -6.1175]
(1, 2, 2, 2),15,[-59915, 10000, -5.9915]
(1, 2, 2, 3),0,[0, 10000, 0.0]
(1, 2, 2, 3),1,[25185, 10000, 2.5185]
(1, 2, 2, 3),2,[0, 10000, 0.0]
(1, 2, 2, 3),3,[8295, 10000, 0.8295]
(1, 2, 2, 3),4,[0, 10000, 0.0]
(1, 2, 2, 3),5,[8725, 10000, 0.8725]
(1, 2, 2, 3),6,[62100, 10000, 6.21]
(1, 2, 2, 3),7,[39085, 10000, 3.9085]
(1, 2, 2, 3),8,[24615, 10000, 2.4615]
(1, 2, 2, 3),9,[85375, 10000, 8.5375]
(1, 2, 2, 3),10,[8185, 10000, 0.8185]
(1, 2, 2, 3),11,[39295, 10000, 3.9295]
(1, 2, 2, 3),12,[8140, 10000, 0.814]
(1, 2, 2, 3),13,[39450, 10000, 3.945]
(1, 2, 2, 3),14,[40420, 10000, 4.042]
(1, 2, 2, 3),15,[38945, 10000, 3.8945]
(1, 2, 2, 4),0,[0, 10000, 0.0]
(1, 2, 2, 4),1,[123975, 10000, 12.3975]
(1, 2, 2, 4),2,[0, 10000, 0.0]
(1, 2, 2, 4),3,[62650, 10000, 6.265]
(1, 2, 2, 4),4,[0, 10000, 0.0]
(1, 2, 2, 4),5,[61700, 10000, 6.17]
(1, 2, 2, 4),6,[8540, 10000, 0.854]
(1, 2, 2, 4),7,[39285, 10000, 3.9285]
(1, 2, 2, 4),8,[25375, 10000, 2.5375]
(1, 2, 2, 4),9,[87505, 10000, 8.7505]
(1, 2, 2, 4),10,[8575, 10000, 0.8575]
(1, 2, 2, 4),11,[41245, 10000, 4.1245]
(1, 2, 2, 4),12,[8020, 10000, 0.802]
(1, 2, 2, 4),13,[40580, 10000, 4.058]
(1, 2, 2, 4),14,[38755, 10000, 3.8755]
(1, 2, 2, 4),15,[39320, 10000, 3.932]
(1, 2, 2, 5),0,[0, 10000, 0.0]
(1, 2, 2, 5),1,[25040, 10000, 2.504]
(1, 2, 2, 5),2,[0, 10000, 0.0]
(1, 2, 2, 5),3,[7990, 10000, 0.799]
(1, 2, 2, 5),4,[0, 10000, 0.0]
(1, 2, 2, 5),5,[8745, 10000, 0.8745]
(1, 2, 2, 5),6,[61125, 10000, 6.1125]
(1, 2, 2, 5),7,[40700, 10000, 4.07]
(1, 2, 2, 5),8,[24945, 10000, 2.4945]
(1, 2, 2, 5),9,[88745, 10000, 8.8745]
(1, 2, 2, 5),10,[8180, 10000, 0.818]
(1, 2, 2, 5),11,[40070, 10000, 4.007]
(1, 2, 2, 5),12,[7725, 10000, 0.7725]
(1, 2, 2, 5),13,[38840, 10000, 3.884]
(1, 2, 2, 5),14,[38500, 10000, 3.85]
(1, 2, 2, 5),15,[40410, 10000, 4.041]
(1, 2, 2, 6),0,[0, 10000, 0.0]
(1, 2, 2, 6),1,[124600, 10000, 12.46]
(1, 2, 2, 6),2,[0, 10000, 0.0]
(1, 2, 2, 6),3,[62825, 10000, 6.2825]
(1, 2, 2, 6),4,[0, 10000, 0.0]
(1, 2, 2, 6),5,[62975, 10000, 6.2975]
(1, 2, 2, 6),6,[8140, 10000, 0.814]
(1, 2, 2, 6),7,[38875, 10000, 3.8875]
(1, 2, 2, 6),8,[24670, 10000, 2.467]
(1, 2, 2, 6),9,[88800, 10000, 8.88]
(1, 2, 2, 6),10,[8270, 10000, 0.827]
(1, 2, 2, 6),11,[40265, 10000, 4.0265]
(1, 2, 2, 6),12,[8170, 10000, 0.817]
(1, 2, 2, 6),13,[40805, 10000, 4.0805]
(1, 2, 2, 6),14,[38080, 10000, 3.808]
(1, 2, 2, 6),15,[39420, 10000, 3.942]
(1, 2, 3, 3),0,[0, 10000, 0.0]
(1, 2, 3, 3),1,[25060, 10000, 2.506]
(1, 2, 3, 3),2,[124575, 10000, 12.4575]
(1, 2, 3, 3),3,[86795, 10000, 8.6795]
(1, 2, 3, 3),4,[0, 10000, 0.0]
(1, 2, 3, 3),5,[8270, 10000, 0.827]
(1, 2, 3, 3),6,[62750, 10000, 6.275]
(1, 2, 3, 3),7,[39145, 10000, 3.9145]
(1, 2, 3, 3),8,[0, 10000, 0.0]
(1, 2, 3, 3),9,[8320, 10000, 0.832]
(1, 2, 3, 3),10,[64000, 10000, 6.4]
(1, 2, 3, 3),11,[40610, 10000, 4.061]
(1, 2, 3, 3),12,[8390, 10000, 0.839]
(1, 2, 3, 3),13,[40460, 10000, 4.046]
(1, 2, 3, 3),14,[39950, 10000, 3.995]
(1, 2, 3, 3),15,[39400, 10000, 3.94]
(1, 2, 3, 4),0,[0, 10000, 0.0]
(1, 2, 3, 4),1,[0, 10000, 0.0]
(1, 2, 3, 4),2,[0, 10000, 0.0]
(1, 2, 3, 4),3,[8335, 10000, 0.8335]
(1, 2, 3, 4),4,[0, 10000, 0.0]
(1, 2, 3, 4),5,[62650, 10000, 6.265]
(1, 2, 3, 4),6,[8290, 10000, 0.829]
(1, 2, 3, 4),7,[39955, 10000, 3.9955]
(1, 2, 3, 4),8,[0, 10000, 0.0]
(1, 2, 3, 4),9,[8295, 10000, 0.8295]
(1, 2, 3, 4),10,[63450, 10000, 6.345]
(1, 2, 3, 4),11,[40480, 10000, 4.048]
(1, 2, 3, 4),12,[8580, 10000, 0.858]
(1, 2, 3, 4),13,[40920, 10000, 4.092]
(1, 2, 3, 4),14,[39290, 10000, 3.929]
(1, 2, 3, 4),15,[37760, 10000, 3.776]
(1, 2, 3, 5),0,[0, 10000, 0.0]
(1, 2, 3, 5),1,[0, 10000, 0.0]
(1, 2, 3, 5),2,[124225, 10000, 12.4225]
(1, 2, 3, 5),3,[63650, 10000, 6.365]
(1, 2, 3, 5),4,[0, 10000, 0.0]
(1, 2, 3, 5),5,[8210, 10000, 0.821]
(1, 2, 3, 5),6,[63000, 10000, 6.3]
(1, 2, 3, 5),7,[38180, 10000, 3.818]
(1, 2, 3, 5),8,[0, 10000, 0.0]
(1, 2, 3, 5),9,[7975, 10000, 0.7975]
(1, 2, 3, 5),10,[62425, 10000, 6.2425]
(1, 2, 3, 5),11,[40235, 10000, 4.0235]
(1, 2, 3, 5),12,[8100, 10000, 0.81]
(1, 2, 3, 5),13,[38800, 10000, 3.88]
(1, 2, 3, 5),14,[38890, 10000, 3.889]
(1, 2, 3, 5),15,[40515, 10000, 4.0515]
(1, 2, 3, 6),0,[0, 10000, 0.0]
(1, 2, 3, 6),1,[0, 10000, 0.0]
(1, 2, 3, 6),2,[0, 10000, 0.0]
(1, 2, 3, 6),3,[8455, 10000, 0.8455]
(1, 2, 3, 6),4,[0, 10000, 0.0]
(1, 2, 3, 6),5,[64950, 10000, 6.495]
(1, 2, 3, 6),6,[7875, 10000, 0.7875]
(1, 2, 3, 6),7,[40335, 10000, 4.0335]
(1, 2, 3, 6),8,[0, 10000, 0.0]
(1, 2, 3, 6),9,[8240, 10000, 0.824]
(1, 2, 3, 6),10,[62225, 10000, 6.2225]
(1, 2, 3, 6),11,[40325, 10000, 4.0325]
(1, 2, 3, 6),12,[8220, 10000, 0.822]
(1, 2, 3, 6),13,[40130, 10000, 4.013]
(1, 2, 3, 6),14,[38490, 10000, 3.849]
(1, 2, 3, 6),15,[38510, 10000, 3.851]
(1, 2, 4, 4),0,[0, 10000, 0.0]
(1, 2, 4, 4),1,[124350, 10000, 12.435]
(1, 2, 4, 4),2,[24450, 10000, 2.445]
(1, 2, 4, 4),3,[88120, 10000, 8.812]
(1, 2, 4, 4),4,[0, 10000, 0.0]
(1, 2, 4, 4),5,[64200, 10000, 6.42]
(1, 2, 4, 4),6,[8355, 10000, 0.8355]
(1, 2, 4, 4),7,[39685, 10000, 3.9685]
(1, 2, 4, 4),8,[0, 10000, 0.0]
(1, 2, 4, 4),9,[63975, 10000, 6.3975]
(1, 2, 4, 4),10,[8310, 10000, 0.831]
(1, 2, 4, 4),11,[39150, 10000, 3.915]
(1, 2, 4, 4),12,[8370, 10000, 0.837]
(1, 2, 4, 4),13,[40040, 10000, 4.004]
(1, 2, 4, 4),14,[40740, 10000, 4.074]
(1, 2, 4, 4),15,[41925, 10000, 4.1925]
(1, 2, 4, 5),0,[0, 10000, 0.0]
(1, 2, 4, 5),1,[0, 10000, 0.0]
(1, 2, 4, 5),2,[0, 10000, 0.0]
(1, 2, 4, 5),3,[8165, 10000, 0.8165]
(1, 2, 4, 5),4,[0, 10000, 0.0]
(1, 2, 4, 5),5,[7960, 10000, 0.796]
(1, 2, 4, 5),6,[62350, 10000, 6.235]
(1, 2, 4, 5),7,[40805, 10000, 4.0805]
(1, 2, 4, 5),8,[0, 10000, 0.0]
(1, 2, 4, 5),9,[61250, 10000, 6.125]
(1, 2, 4, 5),10,[8190, 10000, 0.819]
(1, 2, 4, 5),11,[39065, 10000, 3.9065]
(1, 2, 4, 5),12,[8185, 10000, 0.8185]
(1, 2, 4, 5),13,[39605, 10000, 3.9605]
(1, 2, 4, 5),14,[40535, 10000, 4.0535]
(1, 2, 4, 5),15,[40010, 10000, 4.001]
(1, 2, 4, 6),0,[0, 10000, 0.0]
(1, 2, 4, 6),1,[125000, 10000, 12.5]
(1, 2, 4, 6),2,[0, 10000, 0.0]
(1, 2, 4, 6),3,[63600, 10000, 6.36]
(1, 2, 4, 6),4,[0, 10000, 0.0]
(1, 2, 4, 6),5,[62900, 10000, 6.29]
(1, 2, 4, 6),6,[8200, 10000, 0.82]
(1, 2, 4, 6),7,[39100, 10000, 3.91]
(1, 2, 4, 6),8,[0, 10000, 0.0]
(1, 2, 4, 6),9,[62075, 10000, 6.2075]
(1, 2, 4, 6),10,[8300, 10000, 0.83]
(1, 2, 4, 6),11,[39325, 10000, 3.9325]
(1, 2, 4, 6),12,[8500, 10000, 0.85]
(1, 2, 4, 6),13,[40535, 10000, 4.0535]
(1, 2, 4, 6),14,[38955, 10000, 3.8955]
(1, 2, 4, 6),15,[39205, 10000, 3.9205]
(1, 2, 5, 5),0,[0, 10000, 0.0]
(1, 2, 5, 5),1,[24895, 10000, 2.4895]
(1, 2, 5, 5),2,[126000, 10000, 12.6]
(1, 2, 5, 5),3,[85765, 10000, 8.5765]
(1, 2, 5, 5),4,[0, 10000, 0.0]
(1, 2, 5, 5),5,[8100, 10000, 0.81]
(1, 2, 5, 5),6,[61575, 10000, 6.1575]
(1, 2, 5, 5),7,[39545, 10000, 3.9545]
(1, 2, 5, 5),8,[0, 10000, 0.0]
(1, 2, 5, 5),9,[8405, 10000, 0.8405]
(1, 2, 5, 5),10,[62475, 10000, 6.2475]
(1, 2, 5, 5),11,[39980, 10000, 3.998]
(1, 2, 5, 5),12,[8540, 10000, 0.854]
(1, 2, 5, 5),13,[38480, 10000, 3.848]
(1, 2, 5, 5),14,[38575, 10000, 3.8575]
(1, 2, 5, 5),15,[40070, 10000, 4.007]
(1, 2, 5, 6),0,[0, 10000, 0.0]
(1, 2, 5, 6),1,[0, 10000, 0.0]
(1, 2, 5, 6),2,[0, 10000, 0.0]
(1, 2, 5, 6),3,[8320, 10000, 0.832]
(1, 2, 5, 6),4,[0, 10000, 0.0]
(1, 2, 5, 6),5,[63875, 10000, 6.3875]
(1, 2, 5, 6),6,[8365, 10000, 0.8365]
(1, 2, 5, 6),7,[40795, 10000, 4.0795]
(1, 2, 5, 6),8,[0, 10000, 0.0]
(1, 2, 5, 6),9,[8190, 10000, 0.819]
(1, 2, 5, 6),10,[64625, 10000, 6.4625]
(1, 2, 5, 6),11,[39250, 10000, 3.925]
(1, 2, 5, 6),12,[8015, 10000, 0.8015]
(1, 2, 5, 6),13,[39055, 10000, 3.9055]
(1, 2, 5, 6),14,[40070, 10000, 4.007]
(1, 2, 5, 6),15,[40785, 10000, 4.0785]
(1, 2, 6, 6),0,[0, 10000, 0.0]
(1, 2, 6, 6),1,[124450, 10000, 12.445]
(1, 2, 6, 6),2,[24820, 10000, 2.482]
(1, 2, 6, 6),3,[86930, 10000, 8.693]
(1, 2, 6, 6),4,[0, 10000, 0.0]
(1, 2, 6, 6),5,[62250, 10000, 6.225]
(1, 2, 6, 6),6,[8290, 10000, 0.829]
(1, 2, 6, 6),7,[39460, 10000, 3.946]
(1, 2, 6, 6),8,[0, 10000, 0.0]
(1, 2, 6, 6),9,[62850, 10000, 6.285]
(1, 2, 6, 6),10,[8050, 10000, 0.805]
(1, 2, 6, 6),11,[39645, 10000, 3.9645]
(1, 2, 6, 6),12,[8365, 10000, 0.8365]
(1, 2, 6, 6),13,[40270, 10000, 4.027]
(1, 2, 6, 6),14,[37610, 10000, 3.761]
(1, 2, 6, 6),15,[39280, 10000, 3.928]
(1, 3, 3, 3),0,[0, 10000, 0.0]
(1, 3, 3, 3),1,[-51975, 10000, -5.1975]
(1, 3, 3, 3),2,[-124850, 10000, -12.485]
(1, 3, 3, 3),3,[-163710, 10000, -16.371]
(1, 3, 3, 3),4,[-125450, 10000, -12.545]
(1, 3, 3, 3),5,[-163430, 10000, -16.343]
(1, 3, 3, 3),6,[-185200, 10000, -18.52]
(1, 3, 3, 3),7,[-210550, 10000, -21.055]
(1, 3, 3, 3),8,[-125750, 10000, -12.575]
(1, 3, 3, 3),9,[-161905, 10000, -16.1905]
(1, 3, 3, 3),10,[-187100, 10000, -18.71]
(1, 3, 3, 3),11,[-210270, 10000, -21.027]
(1, 3, 3, 3),12,[-188125, 10000, -18.8125]
(1, 3, 3, 3),13,[-209445, 10000, -20.9445]
(1, 3, 3, 3),14,[-210795, 10000, -21.0795]
(1, 3, 3, 3),15,[-209585, 10000, -20.9585]
(1, 3, 3, 4),0,[0, 10000, 0.0]
(1, 3, 3, 4),1,[24945, 10000, 2.4945]
(1, 3, 3, 4),2,[0, 10000, 0.0]
(1, 3, 3, 4),3,[7870, 10000, 0.787]
(1, 3, 3, 4),4,[0, 10000, 0.0]
(1, 3, 3, 4),5,[8440, 10000, 0.844]
(1, 3, 3, 4),6,[8245, 10000, 0.8245]
(1, 3, 3, 4),7,[39295, 10000, 3.9295]
(1, 3, 3, 4),8,[124150, 10000, 12.415]
(1, 3, 3, 4),9,[85995, 10000, 8.5995]
(1, 3, 3, 4),10,[62225, 10000, 6.2225]
(1, 3, 3, 4),11,[41055, 10000, 4.1055]
(1, 3, 3, 4),12,[63975, 10000, 6.3975]
(1, 3, 3, 4),13,[38765, 10000, 3.8765]
(1, 3, 3, 4),14,[40305, 10000, 4.0305]
(1, 3, 3, 4),15,[38055, 10000, 3.8055]
(1, 3, 3, 5),0,[0, 10000, 0.0]
(1, 3, 3, 5),1,[-125725, 10000, -12.5725]
(1, 3, 3, 5),2,[-122575, 10000, -12.2575]
(1, 3, 3, 5),3,[-188800, 10000, -18.88]
(1, 3, 3, 5),4,[-123525, 10000, -12.3525]
(1, 3, 3, 5),5,[-187250, 10000, -18.725]
(1, 3, 3, 5),6,[-186050, 10000, -18.605]
(1, 3, 3, 5),7,[-209735, 10000, -20.9735]
(1, 3, 3, 5),8,[-124700, 10000, -12.47]
(1, 3, 3, 5),9,[-163400, 10000, -16.34]
(1, 3, 3, 5),10,[-188100, 10000, -18.81]
(1, 3, 3, 5),11,[-209880, 10000, -20.988]
(1, 3, 3, 5),12,[-187700, 10000, -18.77]
(1, 3, 3, 5),13,[-211080, 10000, -21.108]
(1, 3, 3, 5),14,[-211415, 10000, -21.1415]
(1, 3, 3, 5),15,[-210970, 10000, -21.097]
(1, 3, 3, 6),0,[0, 10000, 0.0]
(1, 3, 3, 6),1,[24395, 10000, 2.4395]
(1, 3, 3, 6),2,[0, 10000, 0.0]
(1, 3, 3, 6),3,[8290, 10000, 0.829]
(1, 3, 3, 6),4,[0, 10000, 0.0]
(1, 3, 3, 6),5,[8485, 10000, 0.8485]
(1, 3, 3, 6),6,[8515, 10000, 0.8515]
(1, 3, 3, 6),7,[39515, 10000, 3.9515]
(1, 3, 3, 6),8,[126500, 10000, 12.65]
(1, 3, 3, 6),9,[88000, 10000, 8.8]
(1, 3, 3, 6),10,[61675, 10000, 6.1675]
(1, 3, 3, 6),11,[38295, 10000, 3.8295]
(1, 3, 3, 6),12,[62575, 10000, 6.2575]
(1, 3, 3, 6),13,[41000, 10000, 4.1]
(1, 3, 3, 6),14,[39110, 10000, 3.911]
(1, 3, 3, 6),15,[39455, 10000, 3.9455]
(1, 3, 4, 4),0,[0, 10000, 0.0]
(1, 3, 4, 4),1,[24420, 10000, 2.442]
(1, 3, 4, 4),2,[24775, 10000, 2.4775]
(1, 3, 4, 4),3,[86180, 10000, 8.618]
(1, 3, 4, 4),4,[0, 10000, 0.0]
(1, 3, 4, 4),5,[8395, 10000, 0.8395]
(1, 3, 4, 4),6,[8415, 10000, 0.8415]
(1, 3, 4, 4),7,[39475, 10000, 3.9475]
(1, 3, 4, 4),8,[0, 10000, 0.0]
(1, 3, 4, 4),9,[8525, 10000, 0.8525]
(1, 3, 4, 4),10,[8120, 10000, 0.812]
(1, 3, 4, 4),11,[40940, 10000, 4.094]
(1, 3, 4, 4),12,[63000, 10000, 6.3]
(1, 3, 4, 4),13,[39290, 10000, 3.929]
(1, 3, 4, 4),14,[39340, 10000, 3.934]
(1, 3, 4, 4),15,[38600, 10000, 3.86]
(1, 3, 4, 5),0,[0, 10000, 0.0]
(1, 3, 4, 5),1,[0, 10000, 0.0]
(1, 3, 4, 5),2,[0, 10000, 0.0]
(1, 3, 4, 5),3,[8160, 10000, 0.816]
(1, 3, 4, 5),4,[124575, 10000, 12.4575]
(1, 3, 4, 5),5,[63650, 10000, 6.365]
(1, 3, 4, 5),6,[63150, 10000, 6.315]
(1, 3, 4, 5),7,[39540, 10000, 3.954]
(1, 3, 4, 5),8,[0, 10000, 0.0]
(1, 3, 4, 5),9,[7950, 10000, 0.795]
(1, 3, 4, 5),10,[8205, 10000, 0.8205]
(1, 3, 4, 5),11,[39330, 10000, 3.933]
(1, 3, 4, 5),12,[61575, 10000, 6.1575]
(1, 3, 4, 5),13,[41235, 10000, 4.1235]
(1, 3, 4, 5),14,[37670, 10000, 3.767]
(1, 3, 4, 5),15,[39155, 10000, 3.9155]
(1, 3, 4, 6),0,[0, 10000, 0.0]
(1, 3, 4, 6),1,[0, 10000, 0.0]
(1, 3, 4, 6),2,[0, 10000, 0.0]
(1, 3, 4, 6),3,[59975, 10000, 5.9975]
(1, 3, 4, 6),4,[0, 10000, 0.0]
(1, 3, 4, 6),5,[8560, 10000, 0.856]
(1, 3, 4, 6),6,[8440, 10000, 0.844]
(1, 3, 4, 6),7,[39975, 10000, 3.9975]
(1, 3, 4, 6),8,[0, 10000, 0.0]
(1, 3, 4, 6),9,[8275, 10000, 0.8275]
(1, 3, 4, 6),10,[8540, 10000, 0.854]
(1, 3, 4, 6),11,[39075, 10000, 3.9075]
(1, 3, 4, 6),12,[62225, 10000, 6.2225]
(1, 3, 4, 6),13,[40710, 10000, 4.071]
(1, 3, 4, 6),14,[38855, 10000, 3.8855]
(1, 3, 4, 6),15,[38880, 10000, 3.888]
(1, 3, 5, 5),0,[0, 10000, 0.0]
(1, 3, 5, 5),1,[-124875, 10000, -12.4875]
(1, 3, 5, 5),2,[-125650, 10000, -12.565]
(1, 3, 5, 5),3,[-161975, 10000, -16.1975]
(1, 3, 5, 5),4,[-124250, 10000, -12.425]
(1, 3, 5, 5),5,[-189125, 10000, -18.9125]
(1, 3, 5, 5),6,[-187225, 10000, -18.7225]
(1, 3, 5, 5),7,[-209895, 10000, -20.9895]
(1, 3, 5, 5),8,[-126350, 10000, -12.635]
(1, 3, 5, 5),9,[-188900, 10000, -18.89]
(1, 3, 5, 5),10,[-187375, 10000, -18.7375]
(1, 3, 5, 5),11,[-209935, 10000, -20.9935]
(1, 3, 5, 5),12,[-186250, 10000, -18.625]
(1, 3, 5, 5),13,[-210545, 10000, -21.0545]
(1, 3, 5, 5),14,[-209165, 10000, -20.9165]
(1, 3, 5, 5),15,[-211845, 10000, -21.1845]
(1, 3, 5, 6),0,[0, 10000, 0.0]
(1, 3, 5, 6),1,[0, 10000, 0.0]
(1, 3, 5, 6),2,[0, 10000, 0.0]
(1, 3, 5, 6),3,[8085, 10000, 0.8085]
(1, 3, 5, 6),4,[0, 10000, 0.0]
(1, 3, 5, 6),5,[8225, 10000, 0.8225]
(1, 3, 5, 6),6,[8290, 10000, 0.829]
(1, 3, 5, 6),7,[41150, 10000, 4.115]
(1, 3, 5, 6),8,[123125, 10000, 12.3125]
(1, 3, 5, 6),9,[62375, 10000, 6.2375]
(1, 3, 5, 6),10,[62125, 10000, 6.2125]
(1, 3, 5, 6),11,[40280, 10000, 4.028]
(1, 3, 5, 6),12,[64775, 10000, 6.4775]
(1, 3, 5, 6),13,[40205, 10000, 4.0205]
(1, 3, 5, 6),14,[39635, 10000, 3.9635]
(1, 3, 5, 6),15,[40710, 10000, 4.071]
(1, 3, 6, 6),0,[0, 10000, 0.0]
(1, 3, 6, 6),1,[24980, 10000, 2.498]
(1, 3, 6, 6),2,[24995, 10000, 2.4995]
(1, 3, 6, 6),3,[86745, 10000, 8.6745]
(1, 3, 6, 6),4,[0, 10000, 0.0]
(1, 3, 6, 6),5,[8300, 10000, 0.83]
(1, 3, 6, 6),6,[8105, 10000, 0.8105]
(1, 3, 6, 6),7,[39030, 10000, 3.903]
(1, 3, 6, 6),8,[0, 10000, 0.0]
(1, 3, 6, 6),9,[8470, 10000, 0.847]
(1, 3, 6, 6),10,[8150, 10000, 0.815]
(1, 3, 6, 6),11,[39650, 10000, 3.965]
(1, 3, 6, 6),12,[61500, 10000, 6.15]
(1, 3, 6, 6),13,[38980, 10000, 3.898]
(1, 3, 6, 6),14,[37810, 10000, 3.781]
(1, 3, 6, 6),15,[38525, 10000, 3.8525]
(1, 4, 4, 4),0,[0, 10000, 0.0]
(1, 4, 4, 4),1,[99255, 10000, 9.9255]
(1, 4, 4, 4),2,[-75000, 10000, -7.5]
(1, 4, 4, 4),3,[-12270, 10000, -1.227]
(1, 4, 4, 4),4,[-74930, 10000, -7.493]
(1, 4, 4, 4),5,[-13595, 10000, -1.3595]
(1, 4, 4, 4),6,[-91620, 10000, -9.162]
(1, 4, 4, 4),7,[-60770, 10000, -6.077]
(1, 4, 4, 4),8,[-75395, 10000, -7.5395]
(1, 4, 4, 4),9,[-11590, 10000, -1.159]
(1, 4, 4, 4),10,[-91430, 10000, -9.143]
(1, 4, 4, 4),11,[-61025, 10000, -6.1025]
(1, 4, 4, 4),12,[-91595, 10000, -9.1595]
(1, 4, 4, 4),13,[-60555, 10000, -6.0555]
(1, 4, 4, 4),14,[-60145, 10000, -6.0145]
(1, 4, 4, 4),15,[-59870, 10000, -5.987]
(1, 4, 4, 5),0,[0, 10000, 0.0]
(1, 4, 4, 5),1,[25145, 10000, 2.5145]
(1, 4, 4, 5),2,[0, 10000, 0.0]
(1, 4, 4, 5),3,[8680, 10000, 0.868]
(1, 4, 4, 5),4,[0, 10000, 0.0]
(1, 4, 4, 5),5,[8765, 10000, 0.8765]
(1, 4, 4, 5),6,[62600, 10000, 6.26]
(1, 4, 4, 5),7,[36705, 10000, 3.6705]
(1, 4, 4, 5),8,[25015, 10000, 2.5015]
(1, 4, 4, 5),9,[88920, 10000, 8.892]
(1, 4, 4, 5),10,[8365, 10000, 0.8365]
(1, 4, 4, 5),11,[40310, 10000, 4.031]
(1, 4, 4, 5),12,[7980, 10000, 0.798]
(1, 4, 4, 5),13,[39130, 10000, 3.913]
(1, 4, 4, 5),14,[39930, 10000, 3.993]
(1, 4, 4, 5),15,[39330, 10000, 3.933]
(1, 4, 4, 6),0,[0, 10000, 0.0]
(1, 4, 4, 6),1,[127275, 10000, 12.7275]
(1, 4, 4, 6),2,[0, 10000, 0.0]
(1, 4, 4, 6),3,[62300, 10000, 6.23]
(1, 4, 4, 6),4,[0, 10000, 0.0]
(1, 4, 4, 6),5,[61050, 10000, 6.105]
(1, 4, 4, 6),6,[8145, 10000, 0.8145]
(1, 4, 4, 6),7,[39410, 10000, 3.941]
(1, 4, 4, 6),8,[25965, 10000, 2.5965]
(1, 4, 4, 6),9,[87885, 10000, 8.7885]
(1, 4, 4, 6),10,[8215, 10000, 0.8215]
(1, 4, 4, 6),11,[39270, 10000, 3.927]
(1, 4, 4, 6),12,[8125, 10000, 0.8125]
(1, 4, 4, 6),13,[38540, 10000, 3.854]
(1, 4, 4, 6),14,[40900, 10000, 4.09]
(1, 4, 4, 6),15,[39920, 10000, 3.992]
(1, 4, 5, 5),0,[0, 10000, 0.0]
(1, 4, 5, 5),1,[25255, 10000, 2.5255]
(1, 4, 5, 5),2,[123350, 10000, 12.335]
(1, 4, 5, 5),3,[87620, 10000, 8.762]
(1, 4, 5, 5),4,[0, 10000, 0.0]
(1, 4, 5, 5),5,[8225, 10000, 0.8225]
(1, 4, 5, 5),6,[62100, 10000, 6.21]
(1, 4, 5, 5),7,[38915, 10000, 3.8915]
(1, 4, 5, 5),8,[0, 10000, 0.0]
(1, 4, 5, 5),9,[8460, 10000, 0.846]
(1, 4, 5, 5),10,[62450, 10000, 6.245]
(1, 4, 5, 5),11,[39135, 10000, 3.9135]
(1, 4, 5, 5),12,[7840, 10000, 0.784]
(1, 4, 5, 5),13,[39020, 10000, 3.902]
(1, 4, 5, 5),14,[39055, 10000, 3.9055]
(1, 4, 5, 5),15,[39985, 10000, 3.9985]
(1, 4, 5, 6),0,[0, 10000, 0.0]
(1, 4, 5, 6),1,[0, 10000, 0.0]
(1, 4, 5, 6),2,[0, 10000, 0.0]
(1, 4, 5, 6),3,[8395, 10000, 0.8395]
(1, 4, 5, 6),4,[0, 10000, 0.0]
(1, 4, 5, 6),5,[62000, 10000, 6.2]
(1, 4, 5, 6),6,[8475, 10000, 0.8475]
(1, 4, 5, 6),7,[39105, 10000, 3.9105]
(1, 4, 5, 6),8,[0, 10000, 0.0]
(1, 4, 5, 6),9,[7880, 10000, 0.788]
(1, 4, 5, 6),10,[64000, 10000, 6.4]
(1, 4, 5, 6),11,[38905, 10000, 3.8905]
(1, 4, 5, 6),12,[8585, 10000, 0.8585]
(1, 4, 5, 6),13,[39715, 10000, 3.9715]
(1, 4, 5, 6),14,[39825, 10000, 3.9825]
(1, 4, 5, 6),15,[39835, 10000, 3.9835]
(1, 4, 6, 6),0,[0, 10000, 0.0]
(1, 4, 6, 6),1,[125825, 10000, 12.5825]
(1, 4, 6, 6),2,[25130, 10000, 2.513]
(1, 4, 6, 6),3,[86800, 10000, 8.68]
(1, 4, 6, 6),4,[0, 10000, 0.0]
(1, 4, 6, 6),5,[62800, 10000, 6.28]
(1, 4, 6, 6),6,[8125, 10000, 0.8125]
(1, 4, 6, 6),7,[38330, 10000, 3.833]
(1, 4, 6, 6),8,[0, 10000, 0.0]
(1, 4, 6, 6),9,[61800, 10000, 6.18]
(1, 4, 6, 6),10,[8650, 10000, 0.865]
(1, 4, 6, 6),11,[39985, 10000, 3.9985]
(1, 4, 6, 6),12,[7905, 10000, 0.7905]
(1, 4, 6, 6),13,[37635, 10000, 3.7635]
(1, 4, 6, 6),14,[39320, 10000, 3.932]
(1, 4, 6, 6),15,[38000, 10000, 3.8]
(1, 5, 5, 5),0,[0, 10000, 0.0]
(1, 5, 5, 5),1,[-50865, 10000, -5.0865]
(1, 5, 5, 5),2,[-126025, 10000, -12.6025]
(1, 5, 5, 5),3,[-160480, 10000, -16.048]
(1, 5, 5, 5),4,[-125250, 10000, -12.525]
(1, 5, 5, 5),5,[-162635, 10000, -16.2635]
(1, 5, 5, 5),6,[-186275, 10000, -18.6275]
(1, 5, 5, 5),7,[-210355, 10000, -21.0355]
(1, 5, 5, 5),8,[-125625, 10000, -12.5625]
(1, 5, 5, 5),9,[-162730, 10000, -16.273]
(1, 5, 5, 5),10,[-186875, 10000, -18.6875]
(1, 5, 5, 5),11,[-211020, 10000, -21.102]
(1, 5, 5, 5),12,[-188025, 10000, -18.8025]
(1, 5, 5, 5),13,[-211180, 10000, -21.118]
(1, 5, 5, 5),14,[-210355, 10000, -21.0355]
(1, 5, 5, 5),15,[-209810, 10000, -20.981]
(1, 5, 5, 6),0,[0, 10000, 0.0]
(1, 5, 5, 6),1,[24990, 10000, 2.499]
(1, 5, 5, 6),2,[0, 10000, 0.0]
(1, 5, 5, 6),3,[8240, 10000, 0.824]
(1, 5, 5, 6),4,[0, 10000, 0.0]
(1, 5, 5, 6),5,[8020, 10000, 0.802]
(1, 5, 5, 6),6,[8910, 10000, 0.891]
(1, 5, 5, 6),7,[39205, 10000, 3.9205]
(1, 5, 5, 6),8,[123350, 10000, 12.335]
(1, 5, 5, 6),9,[89790, 10000, 8.979]
(1, 5, 5, 6),10,[61300, 10000, 6.13]
(1, 5, 5, 6),11,[38475, 10000, 3.8475]
(1, 5, 5, 6),12,[64350, 10000, 6.435]
(1, 5, 5, 6),13,[38290, 10000, 3.829]
(1, 5, 5, 6),14,[39260, 10000, 3.926]
(1, 5, 5, 6),15,[40990, 10000, 4.099]
(1, 5, 6, 6),0,[0, 10000, 0.0]
(1, 5, 6, 6),1,[25665, 10000, 2.5665]
(1, 5, 6, 6),2,[25170, 10000, 2.517]
(1, 5, 6, 6),3,[86725, 10000, 8.6725]
(1, 5, 6, 6),4,[0, 10000, 0.0]
(1, 5, 6, 6),5,[8125, 10000, 0.8125]
(1, 5, 6, 6),6,[8510, 10000, 0.851]
(1, 5, 6, 6),7,[41155, 10000, 4.1155]
(1, 5, 6, 6),8,[0, 10000, 0.0]
(1, 5, 6, 6),9,[8425, 10000, 0.8425]
(1, 5, 6, 6),10,[8130, 10000, 0.813]
(1, 5, 6, 6),11,[38865, 10000, 3.8865]
(1, 5, 6, 6),12,[63300, 10000, 6.33]
(1, 5, 6, 6),13,[39315, 10000, 3.9315]
(1, 5, 6, 6),14,[40720, 10000, 4.072]
(1, 5, 6, 6),15,[39615, 10000, 3.9615]
(1, 6, 6, 6),0,[0, 10000, 0.0]
(1, 6, 6, 6),1,[100320, 10000, 10.032]
(1, 6, 6, 6),2,[-75245, 10000, -7.5245]
(1, 6, 6, 6),3,[-12890, 10000, -1.289]
(1, 6, 6, 6),4,[-75690, 10000, -7.569]
(1, 6, 6, 6),5,[-12625, 10000, -1.2625]
(1, 6, 6, 6),6,[-91605, 10000, -9.1605]
(1, 6, 6, 6),7,[-61280, 10000, -6.128]
(1, 6, 6, 6),8,[-74765, 10000, -7.4765]
(1, 6, 6, 6),9,[-13040, 10000, -1.304]
(1, 6, 6, 6),10,[-91705, 10000, -9.1705]
(1, 6, 6, 6),11,[-59360, 10000, -5.936]
(1, 6, 6, 6),12,[-91685, 10000, -9.1685]
(1, 6, 6, 6),13,[-57730, 10000, -5.773]
(1, 6, 6, 6),14,[-60860, 10000, -6.086]
(1, 6, 6, 6),15,[-59025, 10000, -5.9025]
(2, 2, 2, 2),0,[0, 10000, 0.0]
(2, 2, 2, 2),1,[-199305, 10000, -19.9305]
(2, 2, 2, 2),2,[-200445, 10000, -20.0445]
(2, 2, 2, 2),3,[-312950, 10000, -31.295]
(2, 2, 2, 2),4,[-198240, 10000, -19.824]
(2, 2, 2, 2),5,[-312960, 10000, -31.296]
(2, 2, 2, 2),6,[-312930, 10000, -31.293]
(2, 2, 2, 2),7,[-361620, 10000, -36.162]
(2, 2, 2, 2),8,[-201510, 10000, -20.151]
(2, 2, 2, 2),9,[-310515, 10000, -31.0515]
(2, 2, 2, 2),10,[-313755, 10000, -31.3755]
(2, 2, 2, 2),11,[-359305, 10000, -35.9305]
(2, 2, 2, 2),12,[-312860, 10000, -31.286]
(2, 2, 2, 2),13,[-360635, 10000, -36.0635]
(2, 2, 2, 2),14,[-360400, 10000, -36.04]
(2, 2, 2, 2),15,[-360940, 10000, -36.094]
(2, 2, 2, 3),0,[0, 10000, 0.0]
(2, 2, 2, 3),1,[-75305, 10000, -7.5305]
(2, 2, 2, 3),2,[-75660, 10000, -7.566]
(2, 2, 2, 3),3,[-91635, 10000, -9.1635]
(2, 2, 2, 3),4,[-74855, 10000, -7.4855]
(2, 2, 2, 3),5,[-91255, 10000, -9.1255]
(2, 2, 2, 3),6,[-91885, 10000, -9.1885]
(2, 2, 2, 3),7,[-62525, 10000, -6.2525]
(2, 2, 2, 3),8,[100140, 10000, 10.014]
(2, 2, 2, 3),9,[-11885, 10000, -1.1885]
(2, 2, 2, 3),10,[-13825, 10000, -1.3825]
(2, 2, 2, 3),11,[-60130, 10000, -6.013]
(2, 2, 2, 3),12,[-14570, 10000, -1.457]
(2, 2, 2, 3),13,[-61195, 10000, -6.1195]
(2, 2, 2, 3),14,[-59695, 10000, -5.9695]
(2, 2, 2, 3),15,[-59960, 10000, -5.996]
(2, 2, 2, 4),0,[0, 10000, 0.0]
(2, 2, 2, 4),1,[-124125, 10000, -12.4125]
(2, 2, 2, 4),2,[-124950, 10000, -12.495]
(2, 2, 2, 4),3,[-187825, 10000, -18.7825]
(2, 2, 2, 4),4,[-124550, 10000, -12.455]
(2, 2, 2, 4),5,[-188275, 10000, -18.8275]
(2, 2, 2, 4),6,[-187350, 10000, -18.735]
(2, 2, 2, 4),7,[-210100, 10000, -21.01]
(2, 2, 2, 4),8,[-51525, 10000, -5.1525]
(2, 2, 2, 4),9,[-162785, 10000, -16.2785]
(2, 2, 2, 4),10,[-163675, 10000, -16.3675]
(2, 2, 2, 4),11,[-210560, 10000, -21.056]
(2, 2, 2, 4),12,[-163970, 10000, -16.397]
(2, 2, 2, 4),13,[-211590, 10000, -21.159]
(2, 2, 2, 4),14,[-209575, 10000, -20.9575]
(2, 2, 2, 4),15,[-211425, 10000, -21.1425]
(2, 2, 2, 5),0,[0, 10000, 0.0]
(2, 2, 2, 5),1,[-74215, 10000, -7.4215]
(2, 2, 2, 5),2,[-74495, 10000, -7.4495]
(2, 2, 2, 5),3,[-91810, 10000, -9.181]
(2, 2, 2, 5),4,[-75235, 10000, -7.5235]
(2, 2, 2, 5),5,[-91700, 10000, -9.17]
(2, 2, 2, 5),6,[-91380, 10000, -9.138]
(2, 2, 2, 5),7,[-60080, 10000, -6.008]
(2, 2, 2, 5),8,[99990, 10000, 9.999]
(2, 2, 2, 5),9,[-11630, 10000, -1.163]
(2, 2, 2, 5),10,[-14205, 10000, -1.4205]
(2, 2, 2, 5),11,[-58925, 10000, -5.8925]
(2, 2, 2, 5),12,[-12950, 10000, -1.295]
(2, 2, 2, 5),13,[-59505, 10000, -5.9505]
(2, 2, 2, 5),14,[-60695, 10000, -6.0695]
(2, 2, 2, 5),15,[-59565, 10000, -5.9565]
(2, 2, 2, 6),0,[0, 10000, 0.0]
(2, 2, 2, 6),1,[-125325, 10000, -12.5325]
(2, 2, 2, 6),2,[-125275, 10000, -12.5275]
(2, 2, 2, 6),3,[-186900, 10000, -18.69]
(2, 2, 2, 6),4,[-126150, 10000, -12.615]
(2, 2, 2, 6),5,[-187375, 10000, -18.7375]
(2, 2, 2, 6),6,[-188575, 10000, -18.8575]
(2, 2, 2, 6),7,[-211210, 10000, -21.121]
(2, 2, 2, 6),8,[-47595, 10000, -4.7595]
(2, 2, 2, 6),9,[-164125, 10000, -16.4125]
(2, 2, 2, 6),10,[-160325, 10000, -16.0325]
(2, 2, 2, 6),11,[-208560, 10000, -20.856]
(2, 2, 2, 6),12,[-163680, 10000, -16.368]
(2, 2, 2, 6),13,[-209890, 10000, -20.989]
(2, 2, 2, 6),14,[-211640, 10000, -21.164]
(2, 2, 2, 6),15,[-210720, 10000, -21.072]
(2, 2, 3, 3),0,[0, 10000, 0.0]
(2, 2, 3, 3),1,[-24945, 10000, -2.4945]
(2, 2, 3, 3),2,[-24675, 10000, -2.4675]
(2, 2, 3, 3),3,[38635, 10000, 3.8635]
(2, 2, 3, 3),4,[-24540, 10000, -2.454]
(2, 2, 3, 3),5,[-41250, 10000, -4.125]
(2, 2, 3, 3),6,[-42150, 10000, -4.215]
(2, 2, 3, 3),7,[-9105, 10000, -0.9105]
(2, 2, 3, 3),8,[-25175, 10000, -2.5175]
(2, 2, 3, 3),9,[-41630, 10000, -4.163]
(2, 2, 3, 3),10,[-41880, 10000, -4.188]
(2, 2, 3, 3),11,[-9270, 10000, -0.927]
(2, 2, 3, 3),12,[37145, 10000, 3.7145]
(2, 2, 3, 3),13,[-10840, 10000, -1.084]
(2, 2, 3, 3),14,[-11080, 10000, -1.108]
(2, 2, 3, 3),15,[-10645, 10000, -1.0645]
(2, 2, 3, 4),0,[0, 10000, 0.0]
(2, 2, 3, 4),1,[0, 10000, 0.0]
(2, 2, 3, 4),2,[0, 10000, 0.0]
(2, 2, 3, 4),3,[8625, 10000, 0.8625]
(2, 2, 3, 4),4,[123950, 10000, 12.395]
(2, 2, 3, 4),5,[61125, 10000, 6.1125]
(2, 2, 3, 4),6,[64175, 10000, 6.4175]
(2, 2, 3, 4),7,[39595, 10000, 3.9595]
(2, 2, 3, 4),8,[24480, 10000, 2.448]
(2, 2, 3, 4),9,[8475, 10000, 0.8475]
(2, 2, 3, 4),10,[8635, 10000, 0.8635]
(2, 2, 3, 4),11,[39270, 10000, 3.927]
(2, 2, 3, 4),12,[84480, 10000, 8.448]
(2, 2, 3, 4),13,[40855, 10000, 4.0855]
(2, 2, 3, 4),14,[38510, 10000, 3.851]
(2, 2, 3, 4),15,[40600, 10000, 4.06]
(2, 2, 3, 5),0,[0, 10000, 0.0]
(2, 2, 3, 5),1,[0, 10000, 0.0]
(2, 2, 3, 5),2,[0, 10000, 0.0]
(2, 2, 3, 5),3,[61950, 10000, 6.195]
(2, 2, 3, 5),4,[24870, 10000, 2.487]
(2, 2, 3, 5),5,[8410, 10000, 0.841]
(2, 2, 3, 5),6,[8405, 10000, 0.8405]
(2, 2, 3, 5),7,[39565, 10000, 3.9565]
(2, 2, 3, 5),8,[24335, 10000, 2.4335]
(2, 2, 3, 5),9,[8040, 10000, 0.804]
(2, 2, 3, 5),10,[8455, 10000, 0.8455]
(2, 2, 3, 5),11,[40500, 10000, 4.05]
(2, 2, 3, 5),12,[86915, 10000, 8.6915]
(2, 2, 3, 5),13,[39760, 10000, 3.976]
(2, 2, 3, 5),14,[39455, 10000, 3.9455]
(2, 2, 3, 5),15,[38945, 10000, 3.8945]
(2, 2, 3, 6),0,[0, 10000, 0.0]
(2, 2, 3, 6),1,[0, 10000, 0.0]
(2, 2, 3, 6),2,[0, 10000, 0.0]
(2, 2, 3, 6),3,[8420, 10000, 0.842]
(2, 2, 3, 6),4,[124500, 10000, 12.45]
(2, 2, 3, 6),5,[62075, 10000, 6.2075]
(2, 2, 3, 6),6,[60300, 10000, 6.03]
(2, 2, 3, 6),7,[38975, 10000, 3.8975]
(2, 2, 3, 6),8,[24555, 10000, 2.4555]
(2, 2, 3, 6),9,[8305, 10000, 0.8305]
(2, 2, 3, 6),10,[8445, 10000, 0.8445]
(2, 2, 3, 6),11,[39875, 10000, 3.9875]
(2, 2, 3, 6),12,[85695, 10000, 8.5695]
(2, 2, 3, 6),13,[40090, 10000, 4.009]
(2, 2, 3, 6),14,[38475, 10000, 3.8475]
(2, 2, 3, 6),15,[40055, 10000, 4.0055]
(2, 2, 4, 4),0,[0, 10000, 0.0]
(2, 2, 4, 4),1,[-125175, 10000, -12.5175]
(2, 2, 4, 4),2,[-125950, 10000, -12.595]
(2, 2, 4, 4),3,[-164705, 10000, -16.4705]
(2, 2, 4, 4),4,[-123825, 10000, -12.3825]
(2, 2, 4, 4),5,[-188250, 10000, -18.825]
(2, 2, 4, 4),6,[-185900, 10000, -18.59]
(2, 2, 4, 4),7,[-210035, 10000, -21.0035]
(2, 2, 4, 4),8,[-124175, 10000, -12.4175]
(2, 2, 4, 4),9,[-187075, 10000, -18.7075]
(2, 2, 4, 4),10,[-187900, 10000, -18.79]
(2, 2, 4, 4),11,[-210765, 10000, -21.0765]
(2, 2, 4, 4),12,[-162970, 10000, -16.297]
(2, 2, 4, 4),13,[-209660, 10000, -20.966]
(2, 2, 4, 4),14,[-210790, 10000, -21.079]
(2, 2, 4, 4),15,[-210745, 10000, -21.0745]
(2, 2, 4, 5),0,[0, 10000, 0.0]
(2, 2, 4, 5),1,[0, 10000, 0.0]
(2, 2, 4, 5),2,[0, 10000, 0.0]
(2, 2, 4, 5),3,[8325, 10000, 0.8325]
(2, 2, 4, 5),4,[24905, 10000, 2.4905]
(2, 2, 4, 5),5,[7890, 10000, 0.789]
(2, 2, 4, 5),6,[8390, 10000, 0.839]
(2, 2, 4, 5),7,[39900, 10000, 3.99]
(2, 2, 4, 5),8,[125250, 10000, 12.525]
(2, 2, 4, 5),9,[63850, 10000, 6.385]
(2, 2, 4, 5),10,[61400, 10000, 6.14]
(2, 2, 4, 5),11,[39670, 10000, 3.967]
(2, 2, 4, 5),12,[87450, 10000, 8.745]
(2, 2, 4, 5),13,[38800, 10000, 3.88]
(2, 2, 4, 5),14,[41000, 10000, 4.1]
(2, 2, 4, 5),15,[38135, 10000, 3.8135]
(2, 2, 4, 6),0,[0, 10000, 0.0]
(2, 2, 4, 6),1,[-127825, 10000, -12.7825]
(2, 2, 4, 6),2,[-123850, 10000, -12.385]
(2, 2, 4, 6),3,[-187250, 10000, -18.725]
(2, 2, 4, 6),4,[-123825, 10000, -12.3825]
(2, 2, 4, 6),5,[-186825, 10000, -18.6825]
(2, 2, 4, 6),6,[-188350, 10000, -18.835]
(2, 2, 4, 6),7,[-209885, 10000, -20.9885]
(2, 2, 4, 6),8,[-124475, 10000, -12.4475]
(2, 2, 4, 6),9,[-186900, 10000, -18.69]
(2, 2, 4, 6),10,[-186500, 10000, -18.65]
(2, 2, 4, 6),11,[-210500, 10000, -21.05]
(2, 2, 4, 6),12,[-163165, 10000, -16.3165]
(2, 2, 4, 6),13,[-210190, 10000, -21.019]
(2, 2, 4, 6),14,[-210490, 10000, -21.049]
(2, 2, 4, 6),15,[-209405, 10000, -20.9405]
(2, 2, 5, 5),0,[0, 10000, 0.0]
(2, 2, 5, 5),1,[-25250, 10000, -2.525]
(2, 2, 5, 5),2,[-25850, 10000, -2.585]
(2, 2, 5, 5),3,[37455, 10000, 3.7455]
(2, 2, 5, 5),4,[-24660, 10000, -2.466]
(2, 2, 5, 5),5,[-41975, 10000, -4.1975]
(2, 2, 5, 5),6,[-41920, 10000, -4.192]
(2, 2, 5, 5),7,[-11770, 10000, -1.177]
(2, 2, 5, 5),8,[-25150, 10000, -2.515]
(2, 2, 5, 5),9,[-41460, 10000, -4.146]
(2, 2, 5, 5),10,[-41795, 10000, -4.1795]
(2, 2, 5, 5),11,[-10130, 10000, -1.013]
(2, 2, 5, 5),12,[37740, 10000, 3.774]
(2, 2, 5, 5),13,[-10530, 10000, -1.053]
(2, 2, 5, 5),14,[-10945, 10000, -1.0945]
(2, 2, 5, 5),15,[-10085, 10000, -1.0085]
(2, 2, 5, 6),0,[0, 10000, 0.0]
(2, 2, 5, 6),1,[0, 10000, 0.0]
(2, 2, 5, 6),2,[0, 10000, 0.0]
(2, 2, 5, 6),3,[8180, 10000, 0.818]
(2, 2, 5, 6),4,[125100, 10000, 12.51]
(2, 2, 5, 6),5,[63200, 10000, 6.32]
(2, 2, 5, 6),6,[62100, 10000, 6.21]
(2, 2, 5, 6),7,[39510, 10000, 3.951]
(2, 2, 5, 6),8,[24985, 10000, 2.4985]
(2, 2, 5, 6),9,[8125, 10000, 0.8125]
(2, 2, 5, 6),10,[7990, 10000, 0.799]
(2, 2, 5, 6),11,[39730, 10000, 3.973]
(2, 2, 5, 6),12,[87395, 10000, 8.7395]
(2, 2, 5, 6),13,[40840, 10000, 4.084]
(2, 2, 5, 6),14,[39470, 10000, 3.947]
(2, 2, 5, 6),15,[39110, 10000, 3.911]
(2, 2, 6, 6),0,[0, 10000, 0.0]
(2, 2, 6, 6),1,[-124475, 10000, -12.4475]
(2, 2, 6, 6),2,[-124600, 10000, -12.46]
(2, 2, 6, 6),3,[-160660, 10000, -16.066]
(2, 2, 6, 6),4,[-123925, 10000, -12.3925]
(2, 2, 6, 6),5,[-188675, 10000, -18.8675]
(2, 2, 6, 6),6,[-187875, 10000, -18.7875]
(2, 2, 6, 6),7,[-212135, 10000, -21.2135]
(2, 2, 6, 6),8,[-126075, 10000, -12.6075]
(2, 2, 6, 6),9,[-186525, 10000, -18.6525]
(2, 2, 6, 6),10,[-186575, 10000, -18.6575]
(2, 2, 6, 6),11,[-211100, 10000, -21.11]
(2, 2, 6, 6),12,[-163635, 10000, -16.3635]
(2, 2, 6, 6),13,[-212860, 10000, -21.286]
(2, 2, 6, 6),14,[-209705, 10000, -20.9705]
(2, 2, 6, 6),15,[-211415, 10000, -21.1415]
(2, 3, 3, 3),0,[0, 10000, 0.0]
(2, 3, 3, 3),1,[100755, 10000, 10.0755]
(2, 3, 3, 3),2,[-75030, 10000, -7.503]
(2, 3, 3, 3),3,[-11465, 10000, -1.1465]
(2, 3, 3, 3),4,[-74805, 10000, -7.4805]
(2, 3, 3, 3),5,[-11135, 10000, -1.1135]
(2, 3, 3, 3),6,[-91270, 10000, -9.127]
(2, 3, 3, 3),7,[-61510, 10000, -6.151]
(2, 3, 3, 3),8,[-74670, 10000, -7.467]
(2, 3, 3, 3),9,[-12965, 10000, -1.2965]
(2, 3, 3, 3),10,[-91395, 10000, -9.1395]
(2, 3, 3, 3),11,[-58600, 10000, -5.86]
(2, 3, 3, 3),12,[-92165, 10000, -9.2165]
(2, 3, 3, 3),13,[-60550, 10000, -6.055]
(2, 3, 3, 3),14,[-62000, 10000, -6.2]
(2, 3, 3, 3),15,[-60560, 10000, -6.056]
(2, 3, 3, 4),0,[0, 10000, 0.0]
(2, 3, 3, 4),1,[25145, 10000, 2.5145]
(2, 3, 3, 4),2,[0, 10000, 0.0]
(2, 3, 3, 4),3,[8730, 10000, 0.873]
(2, 3, 3, 4),4,[0, 10000, 0.0]
(2, 3, 3, 4),5,[8195, 10000, 0.8195]
(2, 3, 3, 4),6,[63300, 10000, 6.33]
(2, 3, 3, 4),7,[39260, 10000, 3.926]
(2, 3, 3, 4),8,[25530, 10000, 2.553]
(2, 3, 3, 4),9,[88880, 10000, 8.888]
(2, 3, 3, 4),10,[8580, 10000, 0.858]
(2, 3, 3, 4),11,[38860, 10000, 3.886]
(2, 3, 3, 4),12,[8050, 10000, 0.805]
(2, 3, 3, 4),13,[41710, 10000, 4.171]
(2, 3, 3, 4),14,[39565, 10000, 3.9565]
(2, 3, 3, 4),15,[40335, 10000, 4.0335]
(2, 3, 3, 5),0,[0, 10000, 0.0]
(2, 3, 3, 5),1,[125325, 10000, 12.5325]
(2, 3, 3, 5),2,[0, 10000, 0.0]
(2, 3, 3, 5),3,[63150, 10000, 6.315]
(2, 3, 3, 5),4,[0, 10000, 0.0]
(2, 3, 3, 5),5,[63875, 10000, 6.3875]
(2, 3, 3, 5),6,[8600, 10000, 0.86]
(2, 3, 3, 5),7,[40925, 10000, 4.0925]
(2, 3, 3, 5),8,[24910, 10000, 2.491]
(2, 3, 3, 5),9,[89835, 10000, 8.9835]
(2, 3, 3, 5),10,[8280, 10000, 0.828]
(2, 3, 3, 5),11,[40215, 10000, 4.0215]
(2, 3, 3, 5),12,[7905, 10000, 0.7905]
(2, 3, 3, 5),13,[40275, 10000, 4.0275]
(2, 3, 3, 5),14,[38055, 10000, 3.8055]
(2, 3, 3, 5),15,[39025, 10000, 3.9025]
(2, 3, 3, 6),0,[0, 10000, 0.0]
(2, 3, 3, 6),1,[24480, 10000, 2.448]
(2, 3, 3, 6),2,[0, 10000, 0.0]
(2, 3, 3, 6),3,[8400, 10000, 0.84]
(2, 3, 3, 6),4,[0, 10000, 0.0]
(2, 3, 3, 6),5,[8535, 10000, 0.8535]
(2, 3, 3, 6),6,[61825, 10000, 6.1825]
(2, 3, 3, 6),7,[40560, 10000, 4.056]
(2, 3, 3, 6),8,[25195, 10000, 2.5195]
(2, 3, 3, 6),9,[88200, 10000, 8.82]
(2, 3, 3, 6),10,[8320, 10000, 0.832]
(2, 3, 3, 6),11,[39405, 10000, 3.9405]
(2, 3, 3, 6),12,[8640, 10000, 0.864]
(2, 3, 3, 6),13,[40355, 10000, 4.0355]
(2, 3, 3, 6),14,[39610, 10000, 3.961]
(2, 3, 3, 6),15,[39880, 10000, 3.988]
(2, 3, 4, 4),0,[0, 10000, 0.0]
(2, 3, 4, 4),1,[25545, 10000, 2.5545]
(2, 3, 4, 4),2,[122400, 10000, 12.24]
(2, 3, 4, 4),3,[88965, 10000, 8.8965]
(2, 3, 4, 4),4,[0, 10000, 0.0]
(2, 3, 4, 4),5,[8525, 10000, 0.8525]
(2, 3, 4, 4),6,[62575, 10000, 6.2575]
(2, 3, 4, 4),7,[39290, 10000, 3.929]
(2, 3, 4, 4),8,[0, 10000, 0.0]
(2, 3, 4, 4),9,[8200, 10000, 0.82]
(2, 3, 4, 4),10,[60700, 10000, 6.07]
(2, 3, 4, 4),11,[39370, 10000, 3.937]
(2, 3, 4, 4),12,[8765, 10000, 0.8765]
(2, 3, 4, 4),13,[38735, 10000, 3.8735]
(2, 3, 4, 4),14,[39950, 10000, 3.995]
(2, 3, 4, 4),15,[40385, 10000, 4.0385]
(2, 3, 4, 5),0,[0, 10000, 0.0]
(2, 3, 4, 5),1,[0, 10000, 0.0]
(2, 3, 4, 5),2,[0, 10000, 0.0]
(2, 3, 4, 5),3,[8640, 10000, 0.864]
(2, 3, 4, 5),4,[0, 10000, 0.0]
(2, 3, 4, 5),5,[62425, 10000, 6.2425]
(2, 3, 4, 5),6,[8450, 10000, 0.845]
(2, 3, 4, 5),7,[39060, 10000, 3.906]
(2, 3, 4, 5),8,[0, 10000, 0.0]
(2, 3, 4, 5),9,[8595, 10000, 0.8595]
(2, 3, 4, 5),10,[61500, 10000, 6.15]
(2, 3, 4, 5),11,[39020, 10000, 3.902]
(2, 3, 4, 5),12,[8490, 10000, 0.849]
(2, 3, 4, 5),13,[41280, 10000, 4.128]
(2, 3, 4, 5),14,[39600, 10000, 3.96]
(2, 3, 4, 5),15,[39825, 10000, 3.9825]
(2, 3, 4, 6),0,[0, 10000, 0.0]
(2, 3, 4, 6),1,[0, 10000, 0.0]
(2, 3, 4, 6),2,[125425, 10000, 12.5425]
(2, 3, 4, 6),3,[65300, 10000, 6.53]
(2, 3, 4, 6),4,[0, 10000, 0.0]
(2, 3, 4, 6),5,[8015, 10000, 0.8015]
(2, 3, 4, 6),6,[63825, 10000, 6.3825]
(2, 3, 4, 6),7,[39990, 10000, 3.999]
(2, 3, 4, 6),8,[0, 10000, 0.0]
(2, 3, 4, 6),9,[8755, 10000, 0.8755]
(2, 3, 4, 6),10,[62425, 10000, 6.2425]
(2, 3, 4, 6),11,[40265, 10000, 4.0265]
(2, 3, 4, 6),12,[8225, 10000, 0.8225]
(2, 3, 4, 6),13,[38280, 10000, 3.828]
(2, 3, 4, 6),14,[38245, 10000, 3.8245]
(2, 3, 4, 6),15,[39360, 10000, 3.936]
(2, 3, 5, 5),0,[0, 10000, 0.0]
(2, 3, 5, 5),1,[125525, 10000, 12.5525]
(2, 3, 5, 5),2,[25190, 10000, 2.519]
(2, 3, 5, 5),3,[85620, 10000, 8.562]
(2, 3, 5, 5),4,[0, 10000, 0.0]
(2, 3, 5, 5),5,[61900, 10000, 6.19]
(2, 3, 5, 5),6,[8330, 10000, 0.833]
(2, 3, 5, 5),7,[40195, 10000, 4.0195]
(2, 3, 5, 5),8,[0, 10000, 0.0]
(2, 3, 5, 5),9,[62850, 10000, 6.285]
(2, 3, 5, 5),10,[8315, 10000, 0.8315]
(2, 3, 5, 5),11,[38690, 10000, 3.869]
(2, 3, 5, 5),12,[8500, 10000, 0.85]
(2, 3, 5, 5),13,[39760, 10000, 3.976]
(2, 3, 5, 5),14,[39700, 10000, 3.97]
(2, 3, 5, 5),15,[40560, 10000, 4.056]
(2, 3, 5, 6),0,[0, 10000, 0.0]
(2, 3, 5, 6),1,[0, 10000, 0.0]
(2, 3, 5, 6),2,[0, 10000, 0.0]
(2, 3, 5, 6),3,[8570, 10000, 0.857]
(2, 3, 5, 6),4,[0, 10000, 0.0]
(2, 3, 5, 6),5,[8235, 10000, 0.8235]
(2, 3, 5, 6),6,[61475, 10000, 6.1475]
(2, 3, 5, 6),7,[40200, 10000, 4.02]
(2, 3, 5, 6),8,[0, 10000, 0.0]
(2, 3, 5, 6),9,[62650, 10000, 6.265]
(2, 3, 5, 6),10,[8755, 10000, 0.8755]
(2, 3, 5, 6),11,[39860, 10000, 3.986]
(2, 3, 5, 6),12,[8245, 10000, 0.8245]
(2, 3, 5, 6),13,[39305, 10000, 3.9305]
(2, 3, 5, 6),14,[39800, 10000, 3.98]
(2, 3, 5, 6),15,[38845, 10000, 3.8845]
(2, 3, 6, 6),0,[0, 10000, 0.0]
(2, 3, 6, 6),1,[25705, 10000, 2.5705]
(2, 3, 6, 6),2,[126200, 10000, 12.62]
(2, 3, 6, 6),3,[89010, 10000, 8.901]
(2, 3, 6, 6),4,[0, 10000, 0.0]
(2, 3, 6, 6),5,[8285, 10000, 0.8285]
(2, 3, 6, 6),6,[63650, 10000, 6.365]
(2, 3, 6, 6),7,[40450, 10000, 4.045]
(2, 3, 6, 6),8,[0, 10000, 0.0]
(2, 3, 6, 6),9,[8410, 10000, 0.841]
(2, 3, 6, 6),10,[62025, 10000, 6.2025]
(2, 3, 6, 6),11,[40965, 10000, 4.0965]
(2, 3, 6, 6),12,[8625, 10000, 0.8625]
(2, 3, 6, 6),13,[40285, 10000, 4.0285]
(2, 3, 6, 6),14,[41605, 10000, 4.1605]
(2, 3, 6, 6),15,[39735, 10000, 3.9735]
(2, 4, 4, 4),0,[0, 10000, 0.0]
(2, 4, 4, 4),1,[-50040, 10000, -5.004]
(2, 4, 4, 4),2,[-123100, 10000, -12.31]
(2, 4, 4, 4),3,[-161455, 10000, -16.1455]
(2, 4, 4, 4),4,[-125725, 10000, -12.5725]
(2, 4, 4, 4),5,[-161810, 10000, -16.181]
(2, 4, 4, 4),6,[-187900, 10000, -18.79]
(2, 4, 4, 4),7,[-209675, 10000, -20.9675]
(2, 4, 4, 4),8,[-124550, 10000, -12.455]
(2, 4, 4, 4),9,[-163140, 10000, -16.314]
(2, 4, 4, 4),10,[-188025, 10000, -18.8025]
(2, 4, 4, 4),11,[-210575, 10000, -21.0575]
(2, 4, 4, 4),12,[-188075, 10000, -18.8075]
(2, 4, 4, 4),13,[-210085, 10000, -21.0085]
(2, 4, 4, 4),14,[-208705, 10000, -20.8705]
(2, 4, 4, 4),15,[-210750, 10000, -21.075]
(2, 4, 4, 5),0,[0, 10000, 0.0]
(2, 4, 4, 5),1,[25240, 10000, 2.524]
(2, 4, 4, 5),2,[0, 10000, 0.0]
(2, 4, 4, 5),3,[8010, 10000, 0.801]
(2, 4, 4, 5),4,[0, 10000, 0.0]
(2, 4, 4, 5),5,[8420, 10000, 0.842]
(2, 4, 4, 5),6,[8910, 10000, 0.891]
(2, 4, 4, 5),7,[39120, 10000, 3.912]
(2, 4, 4, 5),8,[126775, 10000, 12.6775]
(2, 4, 4, 5),9,[86420, 10000, 8.642]
(2, 4, 4, 5),10,[62600, 10000, 6.26]
(2, 4, 4, 5),11,[39810, 10000, 3.981]
(2, 4, 4, 5),12,[61700, 10000, 6.17]
(2, 4, 4, 5),13,[39105, 10000, 3.9105]
(2, 4, 4, 5),14,[40085, 10000, 4.0085]
(2, 4, 4, 5),15,[40205, 10000, 4.0205]
(2, 4, 4, 6),0,[0, 10000, 0.0]
(2, 4, 4, 6),1,[-125225, 10000, -12.5225]
(2, 4, 4, 6),2,[-123650, 10000, -12.365]
(2, 4, 4, 6),3,[-186200, 10000, -18.62]
(2, 4, 4, 6),4,[-122900, 10000, -12.29]
(2, 4, 4, 6),5,[-188700, 10000, -18.87]
(2, 4, 4, 6),6,[-189300, 10000, -18.93]
(2, 4, 4, 6),7,[-209070, 10000, -20.907]
(2, 4, 4, 6),8,[-125875, 10000, -12.5875]
(2, 4, 4, 6),9,[-164325, 10000, -16.4325]
(2, 4, 4, 6),10,[-187000, 10000, -18.7]
(2, 4, 4, 6),11,[-211460, 10000, -21.146]
(2, 4, 4, 6),12,[-187750, 10000, -18.775]
(2, 4, 4, 6),13,[-209990, 10000, -20.999]
(2, 4, 4, 6),14,[-210955, 10000, -21.0955]
(2, 4, 4, 6),15,[-211010, 10000, -21.101]
(2, 4, 5, 5),0,[0, 10000, 0.0]
(2, 4, 5, 5),1,[24670, 10000, 2.467]
(2, 4, 5, 5),2,[24665, 10000, 2.4665]
(2, 4, 5, 5),3,[87855, 10000, 8.7855]
(2, 4, 5, 5),4,[0, 10000, 0.0]
(2, 4, 5, 5),5,[8805, 10000, 0.8805]
(2, 4, 5, 5),6,[8745, 10000, 0.8745]
(2, 4, 5, 5),7,[39910, 10000, 3.991]
(2, 4, 5, 5),8,[0, 10000, 0.0]
(2, 4, 5, 5),9,[7935, 10000, 0.7935]
(2, 4, 5, 5),10,[8425, 10000, 0.8425]
(2, 4, 5, 5),11,[39920, 10000, 3.992]
(2, 4, 5, 5),12,[59775, 10000, 5.9775]
(2, 4, 5, 5),13,[37135, 10000, 3.7135]
(2, 4, 5, 5),14,[39525, 10000, 3.9525]
(2, 4, 5, 5),15,[38825, 10000, 3.8825]
(2, 4, 5, 6),0,[0, 10000, 0.0]
(2, 4, 5, 6),1,[0, 10000, 0.0]
(2, 4, 5, 6),2,[0, 10000, 0.0]
(2, 4, 5, 6),3,[8360, 10000, 0.836]
(2, 4, 5, 6),4,[123275, 10000, 12.3275]
(2, 4, 5, 6),5,[63125, 10000, 6.3125]
(2, 4, 5, 6),6,[63575, 10000, 6.3575]
(2, 4, 5, 6),7,[40520, 10000, 4.052]
(2, 4, 5, 6),8,[0, 10000, 0.0]
(2, 4, 5, 6),9,[8940, 10000, 0.894]
(2, 4, 5, 6),10,[8610, 10000, 0.861]
(2, 4, 5, 6),11,[39230, 10000, 3.923]
(2, 4, 5, 6),12,[63025, 10000, 6.3025]
(2, 4, 5, 6),13,[40555, 10000, 4.0555]
(2, 4, 5, 6),14,[37845, 10000, 3.7845]
(2, 4, 5, 6),15,[39900, 10000, 3.99]
(2, 4, 6, 6),0,[0, 10000, 0.0]
(2, 4, 6, 6),1,[-125525, 10000, -12.5525]
(2, 4, 6, 6),2,[-123825, 10000, -12.3825]
(2, 4, 6, 6),3,[-163420, 10000, -16.342]
(2, 4, 6, 6),4,[-124425, 10000, -12.4425]
(2, 4, 6, 6),5,[-186950, 10000, -18.695]
(2, 4, 6, 6),6,[-187825, 10000, -18.7825]
(2, 4, 6, 6),7,[-210250, 10000, -21.025]
(2, 4, 6, 6),8,[-122575, 10000, -12.2575]
(2, 4, 6, 6),9,[-189275, 10000, -18.9275]
(2, 4, 6, 6),10,[-188700, 10000, -18.87]
(2, 4, 6, 6),11,[-208795, 10000, -20.8795]
(2, 4, 6, 6),12,[-187100, 10000, -18.71]
(2, 4, 6, 6),13,[-210165, 10000, -21.0165]
(2, 4, 6, 6),14,[-210120, 10000, -21.012]
(2, 4, 6, 6),15,[-211225, 10000, -21.1225]
(2, 5, 5, 5),0,[0, 10000, 0.0]
(2, 5, 5, 5),1,[100500, 10000, 10.05]
(2, 5, 5, 5),2,[-74895, 10000, -7.4895]
(2, 5, 5, 5),3,[-13065, 10000, -1.3065]
(2, 5, 5, 5),4,[-74795, 10000, -7.4795]
(2, 5, 5, 5),5,[-12600, 10000, -1.26]
(2, 5, 5, 5),6,[-92105, 10000, -9.2105]
(2, 5, 5, 5),7,[-61105, 10000, -6.1105]
(2, 5, 5, 5),8,[-75670, 10000, -7.567]
(2, 5, 5, 5),9,[-12770, 10000, -1.277]
(2, 5, 5, 5),10,[-91410, 10000, -9.141]
(2, 5, 5, 5),11,[-60050, 10000, -6.005]
(2, 5, 5, 5),12,[-91620, 10000, -9.162]
(2, 5, 5, 5),13,[-61540, 10000, -6.154]
(2, 5, 5, 5),14,[-60255, 10000, -6.0255]
(2, 5, 5, 5),15,[-60745, 10000, -6.0745]
(2, 5, 5, 6),0,[0, 10000, 0.0]
(2, 5, 5, 6),1,[25370, 10000, 2.537]
(2, 5, 5, 6),2,[0, 10000, 0.0]
(2, 5, 5, 6),3,[7960, 10000, 0.796]
(2, 5, 5, 6),4,[0, 10000, 0.0]
(2, 5, 5, 6),5,[7730, 10000, 0.773]
(2, 5, 5, 6),6,[62600, 10000, 6.26]
(2, 5, 5, 6),7,[40840, 10000, 4.084]
(2, 5, 5, 6),8,[25410, 10000, 2.541]
(2, 5, 5, 6),9,[87445, 10000, 8.7445]
(2, 5, 5, 6),10,[8275, 10000, 0.8275]
(2, 5, 5, 6),11,[38860, 10000, 3.886]
(2, 5, 5, 6),12,[8185, 10000, 0.8185]
(2, 5, 5, 6),13,[42375, 10000, 4.2375]
(2, 5, 5, 6),14,[37620, 10000, 3.762]
(2, 5, 5, 6),15,[39855, 10000, 3.9855]
(2, 5, 6, 6),0,[0, 10000, 0.0]
(2, 5, 6, 6),1,[25965, 10000, 2.5965]
(2, 5, 6, 6),2,[125850, 10000, 12.585]
(2, 5, 6, 6),3,[87730, 10000, 8.773]
(2, 5, 6, 6),4,[0, 10000, 0.0]
(2, 5, 6, 6),5,[8655, 10000, 0.8655]
(2, 5, 6, 6),6,[63175, 10000, 6.3175]
(2, 5, 6, 6),7,[40585, 10000, 4.0585]
(2, 5, 6, 6),8,[0, 10000, 0.0]
(2, 5, 6, 6),9,[8335, 10000, 0.8335]
(2, 5, 6, 6),10,[61150, 10000, 6.115]
(2, 5, 6, 6),11,[38345, 10000, 3.8345]
(2, 5, 6, 6),12,[8745, 10000, 0.8745]
(2, 5, 6, 6),13,[38815, 10000, 3.8815]
(2, 5, 6, 6),14,[38900, 10000, 3.89]
(2, 5, 6, 6),15,[39475, 10000, 3.9475]
(2, 6, 6, 6),0,[0, 10000, 0.0]
(2, 6, 6, 6),1,[-47190, 10000, -4.719]
(2, 6, 6, 6),2,[-124700, 10000, -12.47]
(2, 6, 6, 6),3,[-163320, 10000, -16.332]
(2, 6, 6, 6),4,[-124625, 10000, -12.4625]
(2, 6, 6, 6),5,[-162545, 10000, -16.2545]
(2, 6, 6, 6),6,[-188625, 10000, -18.8625]
(2, 6, 6, 6),7,[-209025, 10000, -20.9025]
(2, 6, 6, 6),8,[-125375, 10000, -12.5375]
(2, 6, 6, 6),9,[-163850, 10000, -16.385]
(2, 6, 6, 6),10,[-187425, 10000, -18.7425]
(2, 6, 6, 6),11,[-210560, 10000, -21.056]
(2, 6, 6, 6),12,[-188625, 10000, -18.8625]
(2, 6, 6, 6),13,[-211395, 10000, -21.1395]
(2, 6, 6, 6),14,[-210360, 10000, -21.036]
(2, 6, 6, 6),15,[-210985, 10000, -21.0985]
(3, 3, 3, 3),0,[0, 10000, 0.0]
(3, 3, 3, 3),1,[-200130, 10000, -20.013]
(3, 3, 3, 3),2,[-201210, 10000, -20.121]
(3, 3, 3, 3),3,[-311250, 10000, -31.125]
(3, 3, 3, 3),4,[-200760, 10000, -20.076]
(3, 3, 3, 3),5,[-313835, 10000, -31.3835]
(3, 3, 3, 3),6,[-312270, 10000, -31.227]
(3, 3, 3, 3),7,[-362270, 10000, -36.227]
(3, 3, 3, 3),8,[-201105, 10000, -20.1105]
(3, 3, 3, 3),9,[-312760, 10000, -31.276]
(3, 3, 3, 3),10,[-312710, 10000, -31.271]
(3, 3, 3, 3),11,[-358620, 10000, -35.862]
(3, 3, 3, 3),12,[-313880, 10000, -31.388]
(3, 3, 3, 3),13,[-359835, 10000, -35.9835]
(3, 3, 3, 3),14,[-359405, 10000, -35.9405]
(3, 3, 3, 3),15,[-359815, 10000, -35.9815]
(3, 3, 3, 4),0,[0, 10000, 0.0]
(3, 3, 3, 4),1,[-75045, 10000, -7.5045]
(3, 3, 3, 4),2,[-74785, 10000, -7.4785]
(3, 3, 3, 4),3,[-91365, 10000, -9.1365]
(3, 3, 3, 4),4,[-74455, 10000, -7.4455]
(3, 3, 3, 4),5,[-91660, 10000, -9.166]
(3, 3, 3, 4),6,[-91810, 10000, -9.181]
(3, 3, 3, 4),7,[-60540, 10000, -6.054]
(3, 3, 3, 4),8,[101055, 10000, 10.1055]
(3, 3, 3, 4),9,[-12755, 10000, -1.2755]
(3, 3, 3, 4),10,[-12645, 10000, -1.2645]
(3, 3, 3, 4),11,[-60510, 10000, -6.051]
(3, 3, 3, 4),12,[-13090, 10000, -1.309]
(3, 3, 3, 4),13,[-60400, 10000, -6.04]
(3, 3, 3, 4),14,[-61550, 10000, -6.155]
(3, 3, 3, 4),15,[-61185, 10000, -6.1185]
(3, 3, 3, 5),0,[0, 10000, 0.0]
(3, 3, 3, 5),1,[-125325, 10000, -12.5325]
(3, 3, 3, 5),2,[-126475, 10000, -12.6475]
(3, 3, 3, 5),3,[-188100, 10000, -18.81]
(3, 3, 3, 5),4,[-123325, 10000, -12.3325]
(3, 3, 3, 5),5,[-187075, 10000, -18.7075]
(3, 3, 3, 5),6,[-188200, 10000, -18.82]
(3, 3, 3, 5),7,[-210440, 10000, -21.044]
(3, 3, 3, 5),8,[-51465, 10000, -5.1465]
(3, 3, 3, 5),9,[-161485, 10000, -16.1485]
(3, 3, 3, 5),10,[-162910, 10000, -16.291]
(3, 3, 3, 5),11,[-210015, 10000, -21.0015]
(3, 3, 3, 5),12,[-163600, 10000, -16.36]
(3, 3, 3, 5),13,[-210755, 10000, -21.0755]
(3, 3, 3, 5),14,[-209830, 10000, -20.983]
(3, 3, 3, 5),15,[-210885, 10000, -21.0885]
(3, 3, 3, 6),0,[0, 10000, 0.0]
(3, 3, 3, 6),1,[-74940, 10000, -7.494]
(3, 3, 3, 6),2,[-75395, 10000, -7.5395]
(3, 3, 3, 6),3,[-91245, 10000, -9.1245]
(3, 3, 3, 6),4,[-75345, 10000, -7.5345]
(3, 3, 3, 6),5,[-91655, 10000, -9.1655]
(3, 3, 3, 6),6,[-91760, 10000, -9.176]
(3, 3, 3, 6),7,[-60730, 10000, -6.073]
(3, 3, 3, 6),8,[97935, 10000, 9.7935]
(3, 3, 3, 6),9,[-12750, 10000, -1.275]
(3, 3, 3, 6),10,[-11725, 10000, -1.1725]
(3, 3, 3, 6),11,[-59585, 10000, -5.9585]
(3, 3, 3, 6),12,[-14175, 10000, -1.4175]
(3, 3, 3, 6),13,[-60140, 10000, -6.014]
(3, 3, 3, 6),14,[-58010, 10000, -5.801]
(3, 3, 3, 6),15,[-59525, 10000, -5.9525]
(3, 3, 4, 4),0,[0, 10000, 0.0]
(3, 3, 4, 4),1,[-25570, 10000, -2.557]
(3, 3, 4, 4),2,[-25260, 10000, -2.526]
(3, 3, 4, 4),3,[39020, 10000, 3.902]
(3, 3, 4, 4),4,[-24900, 10000, -2.49]
(3, 3, 4, 4),5,[-42050, 10000, -4.205]
(3, 3, 4, 4),6,[-41695, 10000, -4.1695]
(3, 3, 4, 4),7,[-10180, 10000, -1.018]
(3, 3, 4, 4),8,[-24875, 10000, -2.4875]
(3, 3, 4, 4),9,[-40975, 10000, -4.0975]
(3, 3, 4, 4),10,[-41500, 10000, -4.15]
(3, 3, 4, 4),11,[-11305, 10000, -1.1305]
(3, 3, 4, 4),12,[37650, 10000, 3.765]
(3, 3, 4, 4),13,[-10160, 10000, -1.016]
(3, 3, 4, 4),14,[-10185, 10000, -1.0185]
(3, 3, 4, 4),15,[-9360, 10000, -0.936]
(3, 3, 4, 5),0,[0, 10000, 0.0]
(3, 3, 4, 5),1,[0, 10000, 0.0]
(3, 3, 4, 5),2,[0, 10000, 0.0]
(3, 3, 4, 5),3,[8090, 10000, 0.809]
(3, 3, 4, 5),4,[126400, 10000, 12.64]
(3, 3, 4, 5),5,[62525, 10000, 6.2525]
(3, 3, 4, 5),6,[61000, 10000, 6.1]
(3, 3, 4, 5),7,[39325, 10000, 3.9325]
(3, 3, 4, 5),8,[24345, 10000, 2.4345]
(3, 3, 4, 5),9,[8245, 10000, 0.8245]
(3, 3, 4, 5),10,[8675, 10000, 0.8675]
(3, 3, 4, 5),11,[38830, 10000, 3.883]
(3, 3, 4, 5),12,[88610, 10000, 8.861]
(3, 3, 4, 5),13,[39665, 10000, 3.9665]
(3, 3, 4, 5),14,[40060, 10000, 4.006]
(3, 3, 4, 5),15,[39770, 10000, 3.977]
(3, 3, 4, 6),0,[0, 10000, 0.0]
(3, 3, 4, 6),1,[0, 10000, 0.0]
(3, 3, 4, 6),2,[0, 10000, 0.0]
(3, 3, 4, 6),3,[63250, 10000, 6.325]
(3, 3, 4, 6),4,[24765, 10000, 2.4765]
(3, 3, 4, 6),5,[8415, 10000, 0.8415]
(3, 3, 4, 6),6,[8635, 10000, 0.8635]
(3, 3, 4, 6),7,[40705, 10000, 4.0705]
(3, 3, 4, 6),8,[24900, 10000, 2.49]
(3, 3, 4, 6),9,[8265, 10000, 0.8265]
(3, 3, 4, 6),10,[8645, 10000, 0.8645]
(3, 3, 4, 6),11,[39230, 10000, 3.923]
(3, 3, 4, 6),12,[87590, 10000, 8.759]
(3, 3, 4, 6),13,[40195, 10000, 4.0195]
(3, 3, 4, 6),14,[39690, 10000, 3.969]
(3, 3, 4, 6),15,[39235, 10000, 3.9235]
(3, 3, 5, 5),0,[0, 10000, 0.0]
(3, 3, 5, 5),1,[-125700, 10000, -12.57]
(3, 3, 5, 5),2,[-125125, 10000, -12.5125]
(3, 3, 5, 5),3,[-159430, 10000, -15.943]
(3, 3, 5, 5),4,[-124250, 10000, -12.425]
(3, 3, 5, 5),5,[-187125, 10000, -18.7125]
(3, 3, 5, 5),6,[-188125, 10000, -18.8125]
(3, 3, 5, 5),7,[-209275, 10000, -20.9275]
(3, 3, 5, 5),8,[-126750, 10000, -12.675]
(3, 3, 5, 5),9,[-189425, 10000, -18.9425]
(3, 3, 5, 5),10,[-190350, 10000, -19.035]
(3, 3, 5, 5),11,[-209730, 10000, -20.973]
(3, 3, 5, 5),12,[-162905, 10000, -16.2905]
(3, 3, 5, 5),13,[-210980, 10000, -21.098]
(3, 3, 5, 5),14,[-209765, 10000, -20.9765]
(3, 3, 5, 5),15,[-209435, 10000, -20.9435]
(3, 3, 5, 6),0,[0, 10000, 0.0]
(3, 3, 5, 6),1,[0, 10000, 0.0]
(3, 3, 5, 6),2,[0, 10000, 0.0]
(3, 3, 5, 6),3,[8740, 10000, 0.874]
(3, 3, 5, 6),4,[25220, 10000, 2.522]
(3, 3, 5, 6),5,[8275, 10000, 0.8275]
(3, 3, 5, 6),6,[8420, 10000, 0.842]
(3, 3, 5, 6),7,[39785, 10000, 3.9785]
(3, 3, 5, 6),8,[125475, 10000, 12.5475]
(3, 3, 5, 6),9,[58775, 10000, 5.8775]
(3, 3, 5, 6),10,[61325, 10000, 6.1325]
(3, 3, 5, 6),11,[37830, 10000, 3.783]
(3, 3, 5, 6),12,[86725, 10000, 8.6725]
(3, 3, 5, 6),13,[39795, 10000, 3.9795]
(3, 3, 5, 6),14,[38810, 10000, 3.881]
(3, 3, 5, 6),15,[39495, 10000, 3.9495]
(3, 3, 6, 6),0,[0, 10000, 0.0]
(3, 3, 6, 6),1,[-24880, 10000, -2.488]
(3, 3, 6, 6),2,[-25000, 10000, -2.5]
(3, 3, 6, 6),3,[36360, 10000, 3.636]
(3, 3, 6, 6),4,[-25245, 10000, -2.5245]
(3, 3, 6, 6),5,[-41900, 10000, -4.19]
(3, 3, 6, 6),6,[-41960, 10000, -4.196]
(3, 3, 6, 6),7,[-10855, 10000, -1.0855]
(3, 3, 6, 6),8,[-25155, 10000, -2.5155]
(3, 3, 6, 6),9,[-41465, 10000, -4.1465]
(3, 3, 6, 6),10,[-41620, 10000, -4.162]
(3, 3, 6, 6),11,[-12205, 10000, -1.2205]
(3, 3, 6, 6),12,[35505, 10000, 3.5505]
(3, 3, 6, 6),13,[-9885, 10000, -0.9885]
(3, 3, 6, 6),14,[-11540, 10000, -1.154]
(3, 3, 6, 6),15,[-10690, 10000, -1.069]
(3, 4, 4, 4),0,[0, 10000, 0.0]
(3, 4, 4, 4),1,[100650, 10000, 10.065]
(3, 4, 4, 4),2,[-74920, 10000, -7.492]
(3, 4, 4, 4),3,[-13460, 10000, -1.346]
(3, 4, 4, 4),4,[-75340, 10000, -7.534]
(3, 4, 4, 4),5,[-12645, 10000, -1.2645]
(3, 4, 4, 4),6,[-91915, 10000, -9.1915]
(3, 4, 4, 4),7,[-57540, 10000, -5.754]
(3, 4, 4, 4),8,[-75375, 10000, -7.5375]
(3, 4, 4, 4),9,[-11965, 10000, -1.1965]
(3, 4, 4, 4),10,[-91440, 10000, -9.144]
(3, 4, 4, 4),11,[-61245, 10000, -6.1245]
(3, 4, 4, 4),12,[-91865, 10000, -9.1865]
(3, 4, 4, 4),13,[-60040, 10000, -6.004]
(3, 4, 4, 4),14,[-59435, 10000, -5.9435]
(3, 4, 4, 4),15,[-63005, 10000, -6.3005]
(3, 4, 4, 5),0,[0, 10000, 0.0]
(3, 4, 4, 5),1,[25050, 10000, 2.505]
(3, 4, 4, 5),2,[0, 10000, 0.0]
(3, 4, 4, 5),3,[8235, 10000, 0.8235]
(3, 4, 4, 5),4,[0, 10000, 0.0]
(3, 4, 4, 5),5,[8185, 10000, 0.8185]
(3, 4, 4, 5),6,[62375, 10000, 6.2375]
(3, 4, 4, 5),7,[40260, 10000, 4.026]
(3, 4, 4, 5),8,[24965, 10000, 2.4965]
(3, 4, 4, 5),9,[87915, 10000, 8.7915]
(3, 4, 4, 5),10,[8340, 10000, 0.834]
(3, 4, 4, 5),11,[39775, 10000, 3.9775]
(3, 4, 4, 5),12,[8510, 10000, 0.851]
(3, 4, 4, 5),13,[40005, 10000, 4.0005]
(3, 4, 4, 5),14,[39630, 10000, 3.963]
(3, 4, 4, 5),15,[39150, 10000, 3.915]
(3, 4, 4, 6),0,[0, 10000, 0.0]
(3, 4, 4, 6),1,[125375, 10000, 12.5375]
(3, 4, 4, 6),2,[0, 10000, 0.0]
(3, 4, 4, 6),3,[63325, 10000, 6.3325]
(3, 4, 4, 6),4,[0, 10000, 0.0]
(3, 4, 4, 6),5,[61950, 10000, 6.195]
(3, 4, 4, 6),6,[8615, 10000, 0.8615]
(3, 4, 4, 6),7,[39960, 10000, 3.996]
(3, 4, 4, 6),8,[25990, 10000, 2.599]
(3, 4, 4, 6),9,[88305, 10000, 8.8305]
(3, 4, 4, 6),10,[8520, 10000, 0.852]
(3, 4, 4, 6),11,[39745, 10000, 3.9745]
(3, 4, 4, 6),12,[8190, 10000, 0.819]
(3, 4, 4, 6),13,[39140, 10000, 3.914]
(3, 4, 4, 6),14,[39570, 10000, 3.957]
(3, 4, 4, 6),15,[39390, 10000, 3.939]
(3, 4, 5, 5),0,[0, 10000, 0.0]
(3, 4, 5, 5),1,[25080, 10000, 2.508]
(3, 4, 5, 5),2,[121950, 10000, 12.195]
(3, 4, 5, 5),3,[89035, 10000, 8.9035]
(3, 4, 5, 5),4,[0, 10000, 0.0]
(3, 4, 5, 5),5,[8430, 10000, 0.843]
(3, 4, 5, 5),6,[62450, 10000, 6.245]
(3, 4, 5, 5),7,[40325, 10000, 4.0325]
(3, 4, 5, 5),8,[0, 10000, 0.0]
(3, 4, 5, 5),9,[8405, 10000, 0.8405]
(3, 4, 5, 5),10,[63900, 10000, 6.39]
(3, 4, 5, 5),11,[39880, 10000, 3.988]
(3, 4, 5, 5),12,[8945, 10000, 0.8945]
(3, 4, 5, 5),13,[40145, 10000, 4.0145]
(3, 4, 5, 5),14,[40070, 10000, 4.007]
(3, 4, 5, 5),15,[40055, 10000, 4.0055]
(3, 4, 5, 6),0,[0, 10000, 0.0]
(3, 4, 5, 6),1,[0, 10000, 0.0]
(3, 4, 5, 6),2,[0, 10000, 0.0]
(3, 4, 5, 6),3,[8130, 10000, 0.813]
(3, 4, 5, 6),4,[0, 10000, 0.0]
(3, 4, 5, 6),5,[63175, 10000, 6.3175]
(3, 4, 5, 6),6,[8695, 10000, 0.8695]
(3, 4, 5, 6),7,[39630, 10000, 3.963]
(3, 4, 5, 6),8,[0, 10000, 0.0]
(3, 4, 5, 6),9,[8215, 10000, 0.8215]
(3, 4, 5, 6),10,[64525, 10000, 6.4525]
(3, 4, 5, 6),11,[39290, 10000, 3.929]
(3, 4, 5, 6),12,[8305, 10000, 0.8305]
(3, 4, 5, 6),13,[39450, 10000, 3.945]
(3, 4, 5, 6),14,[40175, 10000, 4.0175]
(3, 4, 5, 6),15,[39950, 10000, 3.995]
(3, 4, 6, 6),0,[0, 10000, 0.0]
(3, 4, 6, 6),1,[125500, 10000, 12.55]
(3, 4, 6, 6),2,[25185, 10000, 2.5185]
(3, 4, 6, 6),3,[89065, 10000, 8.9065]
(3, 4, 6, 6),4,[0, 10000, 0.0]
(3, 4, 6, 6),5,[61575, 10000, 6.1575]
(3, 4, 6, 6),6,[8445, 10000, 0.8445]
(3, 4, 6, 6),7,[38785, 10000, 3.8785]
(3, 4, 6, 6),8,[0, 10000, 0.0]
(3, 4, 6, 6),9,[61950, 10000, 6.195]
(3, 4, 6, 6),10,[8060, 10000, 0.806]
(3, 4, 6, 6),11,[38425, 10000, 3.8425]
(3, 4, 6, 6),12,[8545, 10000, 0.8545]
(3, 4, 6, 6),13,[38575, 10000, 3.8575]
(3, 4, 6, 6),14,[38855, 10000, 3.8855]
(3, 4, 6, 6),15,[38805, 10000, 3.8805]
(3, 5, 5, 5),0,[0, 10000, 0.0]
(3, 5, 5, 5),1,[-49125, 10000, -4.9125]
(3, 5, 5, 5),2,[-125675, 10000, -12.5675]
(3, 5, 5, 5),3,[-164565, 10000, -16.4565]
(3, 5, 5, 5),4,[-125050, 10000, -12.505]
(3, 5, 5, 5),5,[-160615, 10000, -16.0615]
(3, 5, 5, 5),6,[-187250, 10000, -18.725]
(3, 5, 5, 5),7,[-210835, 10000, -21.0835]
(3, 5, 5, 5),8,[-126875, 10000, -12.6875]
(3, 5, 5, 5),9,[-162095, 10000, -16.2095]
(3, 5, 5, 5),10,[-186975, 10000, -18.6975]
(3, 5, 5, 5),11,[-210510, 10000, -21.051]
(3, 5, 5, 5),12,[-187775, 10000, -18.7775]
(3, 5, 5, 5),13,[-210835, 10000, -21.0835]
(3, 5, 5, 5),14,[-212130, 10000, -21.213]
(3, 5, 5, 5),15,[-210310, 10000, -21.031]
(3, 5, 5, 6),0,[0, 10000, 0.0]
(3, 5, 5, 6),1,[24820, 10000, 2.482]
(3, 5, 5, 6),2,[0, 10000, 0.0]
(3, 5, 5, 6),3,[8450, 10000, 0.845]
(3, 5, 5, 6),4,[0, 10000, 0.0]
(3, 5, 5, 6),5,[7810, 10000, 0.781]
(3, 5, 5, 6),6,[8025, 10000, 0.8025]
(3, 5, 5, 6),7,[39195, 10000, 3.9195]
(3, 5, 5, 6),8,[123300, 10000, 12.33]
(3, 5, 5, 6),9,[87245, 10000, 8.7245]
(3, 5, 5, 6),10,[62500, 10000, 6.25]
(3, 5, 5, 6),11,[38490, 10000, 3.849]
(3, 5, 5, 6),12,[61450, 10000, 6.145]
(3, 5, 5, 6),13,[38765, 10000, 3.8765]
(3, 5, 5, 6),14,[38450, 10000, 3.845]
(3, 5, 5, 6),15,[39945, 10000, 3.9945]
(3, 5, 6, 6),0,[0, 10000, 0.0]
(3, 5, 6, 6),1,[25150, 10000, 2.515]
(3, 5, 6, 6),2,[24925, 10000, 2.4925]
(3, 5, 6, 6),3,[88850, 10000, 8.885]
(3, 5, 6, 6),4,[0, 10000, 0.0]
(3, 5, 6, 6),5,[8450, 10000, 0.845]
(3, 5, 6, 6),6,[8095, 10000, 0.8095]
(3, 5, 6, 6),7,[39775, 10000, 3.9775]
(3, 5, 6, 6),8,[0, 10000, 0.0]
(3, 5, 6, 6),9,[8065, 10000, 0.8065]
(3, 5, 6, 6),10,[8485, 10000, 0.8485]
(3, 5, 6, 6),11,[38660, 10000, 3.866]
(3, 5, 6, 6),12,[60550, 10000, 6.055]
(3, 5, 6, 6),13,[39895, 10000, 3.9895]
(3, 5, 6, 6),14,[39925, 10000, 3.9925]
(3, 5, 6, 6),15,[38990, 10000, 3.899]
(3, 6, 6, 6),0,[0, 10000, 0.0]
(3, 6, 6, 6),1,[100950, 10000, 10.095]
(3, 6, 6, 6),2,[-75140, 10000, -7.514]
(3, 6, 6, 6),3,[-13100, 10000, -1.31]
(3, 6, 6, 6),4,[-75860, 10000, -7.586]
(3, 6, 6, 6),5,[-10350, 10000, -1.035]
(3, 6, 6, 6),6,[-91530, 10000, -9.153]
(3, 6, 6, 6),7,[-59685, 10000, -5.9685]
(3, 6, 6, 6),8,[-75285, 10000, -7.5285]
(3, 6, 6, 6),9,[-11045, 10000, -1.1045]
(3, 6, 6, 6),10,[-91520, 10000, -9.152]
(3, 6, 6, 6),11,[-61760, 10000, -6.176]
(3, 6, 6, 6),12,[-91715, 10000, -9.1715]
(3, 6, 6, 6),13,[-59305, 10000, -5.9305]
(3, 6, 6, 6),14,[-60960, 10000, -6.096]
(3, 6, 6, 6),15,[-61695, 10000, -6.1695]
(4, 4, 4, 4),0,[0, 10000, 0.0]
(4, 4, 4, 4),1,[-197580, 10000, -19.758]
(4, 4, 4, 4),2,[-198525, 10000, -19.8525]
(4, 4, 4, 4),3,[-313225, 10000, -31.3225]
(4, 4, 4, 4),4,[-199905, 10000, -19.9905]
(4, 4, 4, 4),5,[-312375, 10000, -31.2375]
(4, 4, 4, 4),6,[-312640, 10000, -31.264]
(4, 4, 4, 4),7,[-359630, 10000, -35.963]
(4, 4, 4, 4),8,[-200100, 10000, -20.01]
(4, 4, 4, 4),9,[-312600, 10000, -31.26]
(4, 4, 4, 4),10,[-312340, 10000, -31.234]
(4, 4, 4, 4),11,[-361360, 10000, -36.136]
(4, 4, 4, 4),12,[-313395, 10000, -31.3395]
(4, 4, 4, 4),13,[-359445, 10000, -35.9445]
(4, 4, 4, 4),14,[-360220, 10000, -36.022]
(4, 4, 4, 4),15,[-360055, 10000, -36.0055]
(4, 4, 4, 5),0,[0, 10000, 0.0]
(4, 4, 4, 5),1,[-75450, 10000, -7.545]
(4, 4, 4, 5),2,[-75325, 10000, -7.5325]
(4, 4, 4, 5),3,[-91820, 10000, -9.182]
(4, 4, 4, 5),4,[-75175, 10000, -7.5175]
(4, 4, 4, 5),5,[-91585, 10000, -9.1585]
(4, 4, 4, 5),6,[-91795, 10000, -9.1795]
(4, 4, 4, 5),7,[-59265, 10000, -5.9265]
(4, 4, 4, 5),8,[101835, 10000, 10.1835]
(4, 4, 4, 5),9,[-12555, 10000, -1.2555]
(4, 4, 4, 5),10,[-13080, 10000, -1.308]
(4, 4, 4, 5),11,[-61010, 10000, -6.101]
(4, 4, 4, 5),12,[-12210, 10000, -1.221]
(4, 4, 4, 5),13,[-61180, 10000, -6.118]
(4, 4, 4, 5),14,[-60840, 10000, -6.084]
(4, 4, 4, 5),15,[-59600, 10000, -5.96]
(4, 4, 4, 6),0,[0, 10000, 0.0]
(4, 4, 4, 6),1,[-124050, 10000, -12.405]
(4, 4, 4, 6),2,[-127200, 10000, -12.72]
(4, 4, 4, 6),3,[-187425, 10000, -18.7425]
(4, 4, 4, 6),4,[-124625, 10000, -12.4625]
(4, 4, 4, 6),5,[-186175, 10000, -18.6175]
(4, 4, 4, 6),6,[-189150, 10000, -18.915]
(4, 4, 4, 6),7,[-210210, 10000, -21.021]
(4, 4, 4, 6),8,[-49965, 10000, -4.9965]
(4, 4, 4, 6),9,[-161615, 10000, -16.1615]
(4, 4, 4, 6),10,[-162360, 10000, -16.236]
(4, 4, 4, 6),11,[-210585, 10000, -21.0585]
(4, 4, 4, 6),12,[-163615, 10000, -16.3615]
(4, 4, 4, 6),13,[-209675, 10000, -20.9675]
(4, 4, 4, 6),14,[-209320, 10000, -20.932]
(4, 4, 4, 6),15,[-210795, 10000, -21.0795]
(4, 4, 5, 5),0,[0, 10000, 0.0]
(4, 4, 5, 5),1,[-24800, 10000, -2.48]
(4, 4, 5, 5),2,[-25000, 10000, -2.5]
(4, 4, 5, 5),3,[37070, 10000, 3.707]
(4, 4, 5, 5),4,[-25370, 10000, -2.537]
(4, 4, 5, 5),5,[-41755, 10000, -4.1755]
(4, 4, 5, 5),6,[-41690, 10000, -4.169]
(4, 4, 5, 5),7,[-11085, 10000, -1.1085]
(4, 4, 5, 5),8,[-24475, 10000, -2.4475]
(4, 4, 5, 5),9,[-42020, 10000, -4.202]
(4, 4, 5, 5),10,[-41400, 10000, -4.14]
(4, 4, 5, 5),11,[-9960, 10000, -0.996]
(4, 4, 5, 5),12,[38865, 10000, 3.8865]
(4, 4, 5, 5),13,[-9355, 10000, -0.9355]
(4, 4, 5, 5),14,[-10665, 10000, -1.0665]
(4, 4, 5, 5),15,[-11560, 10000, -1.156]
(4, 4, 5, 6),0,[0, 10000, 0.0]
(4, 4, 5, 6),1,[0, 10000, 0.0]
(4, 4, 5, 6),2,[0, 10000, 0.0]
(4, 4, 5, 6),3,[8260, 10000, 0.826]
(4, 4, 5, 6),4,[124825, 10000, 12.4825]
(4, 4, 5, 6),5,[63450, 10000, 6.345]
(4, 4, 5, 6),6,[62250, 10000, 6.225]
(4, 4, 5, 6),7,[38685, 10000, 3.8685]
(4, 4, 5, 6),8,[24905, 10000, 2.4905]
(4, 4, 5, 6),9,[8175, 10000, 0.8175]
(4, 4, 5, 6),10,[8415, 10000, 0.8415]
(4, 4, 5, 6),11,[39925, 10000, 3.9925]
(4, 4, 5, 6),12,[86865, 10000, 8.6865]
(4, 4, 5, 6),13,[38560, 10000, 3.856]
(4, 4, 5, 6),14,[40245, 10000, 4.0245]
(4, 4, 5, 6),15,[39585, 10000, 3.9585]
(4, 4, 6, 6),0,[0, 10000, 0.0]
(4, 4, 6, 6),1,[-124500, 10000, -12.45]
(4, 4, 6, 6),2,[-125025, 10000, -12.5025]
(4, 4, 6, 6),3,[-162940, 10000, -16.294]
(4, 4, 6, 6),4,[-124400, 10000, -12.44]
(4, 4, 6, 6),5,[-186700, 10000, -18.67]
(4, 4, 6, 6),6,[-185300, 10000, -18.53]
(4, 4, 6, 6),7,[-211795, 10000, -21.1795]
(4, 4, 6, 6),8,[-125900, 10000, -12.59]
(4, 4, 6, 6),9,[-188325, 10000, -18.8325]
(4, 4, 6, 6),10,[-187250, 10000, -18.725]
(4, 4, 6, 6),11,[-208810, 10000, -20.881]
(4, 4, 6, 6),12,[-162685, 10000, -16.2685]
(4, 4, 6, 6),13,[-210445, 10000, -21.0445]
(4, 4, 6, 6),14,[-210450, 10000, -21.045]
(4, 4, 6, 6),15,[-210675, 10000, -21.0675]
(4, 5, 5, 5),0,[0, 10000, 0.0]
(4, 5, 5, 5),1,[99210, 10000, 9.921]
(4, 5, 5, 5),2,[-75270, 10000, -7.527]
(4, 5, 5, 5),3,[-13885, 10000, -1.3885]
(4, 5, 5, 5),4,[-75435, 10000, -7.5435]
(4, 5, 5, 5),5,[-13345, 10000, -1.3345]
(4, 5, 5, 5),6,[-91820, 10000, -9.182]
(4, 5, 5, 5),7,[-61680, 10000, -6.168]
(4, 5, 5, 5),8,[-75475, 10000, -7.5475]
(4, 5, 5, 5),9,[-12600, 10000, -1.26]
(4, 5, 5, 5),10,[-91540, 10000, -9.154]
(4, 5, 5, 5),11,[-61645, 10000, -6.1645]
(4, 5, 5, 5),12,[-91875, 10000, -9.1875]
(4, 5, 5, 5),13,[-60690, 10000, -6.069]
(4, 5, 5, 5),14,[-61085, 10000, -6.1085]
(4, 5, 5, 5),15,[-60265, 10000, -6.0265]
(4, 5, 5, 6),0,[0, 10000, 0.0]
(4, 5, 5, 6),1,[24565, 10000, 2.4565]
(4, 5, 5, 6),2,[0, 10000, 0.0]
(4, 5, 5, 6),3,[8170, 10000, 0.817]
(4, 5, 5, 6),4,[0, 10000, 0.0]
(4, 5, 5, 6),5,[8305, 10000, 0.8305]
(4, 5, 5, 6),6,[61350, 10000, 6.135]
(4, 5, 5, 6),7,[39250, 10000, 3.925]
(4, 5, 5, 6),8,[24670, 10000, 2.467]
(4, 5, 5, 6),9,[88455, 10000, 8.8455]
(4, 5, 5, 6),10,[8740, 10000, 0.874]
(4, 5, 5, 6),11,[40705, 10000, 4.0705]
(4, 5, 5, 6),12,[8450, 10000, 0.845]
(4, 5, 5, 6),13,[40335, 10000, 4.0335]
(4, 5, 5, 6),14,[37890, 10000, 3.789]
(4, 5, 5, 6),15,[39805, 10000, 3.9805]
(4, 5, 6, 6),0,[0, 10000, 0.0]
(4, 5, 6, 6),1,[24765, 10000, 2.4765]
(4, 5, 6, 6),2,[125375, 10000, 12.5375]
(4, 5, 6, 6),3,[88235, 10000, 8.8235]
(4, 5, 6, 6),4,[0, 10000, 0.0]
(4, 5, 6, 6),5,[8560, 10000, 0.856]
(4, 5, 6, 6),6,[60875, 10000, 6.0875]
(4, 5, 6, 6),7,[39250, 10000, 3.925]
(4, 5, 6, 6),8,[0, 10000, 0.0]
(4, 5, 6, 6),9,[8175, 10000, 0.8175]
(4, 5, 6, 6),10,[63100, 10000, 6.31]
(4, 5, 6, 6),11,[39030, 10000, 3.903]
(4, 5, 6, 6),12,[8490, 10000, 0.849]
(4, 5, 6, 6),13,[40380, 10000, 4.038]
(4, 5, 6, 6),14,[39545, 10000, 3.9545]
(4, 5, 6, 6),15,[38870, 10000, 3.887]
(4, 6, 6, 6),0,[0, 10000, 0.0]
(4, 6, 6, 6),1,[-49830, 10000, -4.983]
(4, 6, 6, 6),2,[-122750, 10000, -12.275]
(4, 6, 6, 6),3,[-162740, 10000, -16.274]
(4, 6, 6, 6),4,[-123350, 10000, -12.335]
(4, 6, 6, 6),5,[-162490, 10000, -16.249]
(4, 6, 6, 6),6,[-186800, 10000, -18.68]
(4, 6, 6, 6),7,[-211255, 10000, -21.1255]
(4, 6, 6, 6),8,[-123500, 10000, -12.35]
(4, 6, 6, 6),9,[-165830, 10000, -16.583]
(4, 6, 6, 6),10,[-188200, 10000, -18.82]
(4, 6, 6, 6),11,[-210725, 10000, -21.0725]
(4, 6, 6, 6),12,[-188000, 10000, -18.8]
(4, 6, 6, 6),13,[-209940, 10000, -20.994]
(4, 6, 6, 6),14,[-210760, 10000, -21.076]
(4, 6, 6, 6),15,[-210385, 10000, -21.0385]
(5, 5, 5, 5),0,[0, 10000, 0.0]
(5, 5, 5, 5),1,[-200955, 10000, -20.0955]
(5, 5, 5, 5),2,[-199050, 10000, -19.905]
(5, 5, 5, 5),3,[-314185, 10000, -31.4185]
(5, 5, 5, 5),4,[-201750, 10000, -20.175]
(5, 5, 5, 5),5,[-311590, 10000, -31.159]
(5, 5, 5, 5),6,[-312965, 10000, -31.2965]
(5, 5, 5, 5),7,[-359095, 10000, -35.9095]
(5, 5, 5, 5),8,[-200115, 10000, -20.0115]
(5, 5, 5, 5),9,[-311220, 10000, -31.122]
(5, 5, 5, 5),10,[-312175, 10000, -31.2175]
(5, 5, 5, 5),11,[-360075, 10000, -36.0075]
(5, 5, 5, 5),12,[-311945, 10000, -31.1945]
(5, 5, 5, 5),13,[-360415, 10000, -36.0415]
(5, 5, 5, 5),14,[-359270, 10000, -35.927]
(5, 5, 5, 5),15,[-359080, 10000, -35.908]
(5, 5, 5, 6),0,[0, 10000, 0.0]
(5, 5, 5, 6),1,[-74805, 10000, -7.4805]
(5, 5, 5, 6),2,[-74885, 10000, -7.4885]
(5, 5, 5, 6),3,[-91415, 10000, -9.1415]
(5, 5, 5, 6),4,[-75305, 10000, -7.5305]
(5, 5, 5, 6),5,[-91090, 10000, -9.109]
(5, 5, 5, 6),6,[-91760, 10000, -9.176]
(5, 5, 5, 6),7,[-61080, 10000, -6.108]
(5, 5, 5, 6),8,[100410, 10000, 10.041]
(5, 5, 5, 6),9,[-13020, 10000, -1.302]
(5, 5, 5, 6),10,[-12235, 10000, -1.2235]
(5, 5, 5, 6),11,[-60290, 10000, -6.029]
(5, 5, 5, 6),12,[-12515, 10000, -1.2515]
(5, 5, 5, 6),13,[-60480, 10000, -6.048]
(5, 5, 5, 6),14,[-59350, 10000, -5.935]
(5, 5, 5, 6),15,[-61215, 10000, -6.1215]
(5, 5, 6, 6),0,[0, 10000, 0.0]
(5, 5, 6, 6),1,[-25445, 10000, -2.5445]
(5, 5, 6, 6),2,[-25155, 10000, -2.5155]
(5, 5, 6, 6),3,[37025, 10000, 3.7025]
(5, 5, 6, 6),4,[-24865, 10000, -2.4865]
(5, 5, 6, 6),5,[-42020, 10000, -4.202]
(5, 5, 6, 6),6,[-41645, 10000, -4.1645]
(5, 5, 6, 6),7,[-9450, 10000, -0.945]
(5, 5, 6, 6),8,[-25485, 10000, -2.5485]
(5, 5, 6, 6),9,[-41665, 10000, -4.1665]
(5, 5, 6, 6),10,[-42225, 10000, -4.2225]
(5, 5, 6, 6),11,[-10640, 10000, -1.064]
(5, 5, 6, 6),12,[36945, 10000, 3.6945]
(5, 5, 6, 6),13,[-9110, 10000, -0.911]
(5, 5, 6, 6),14,[-10430, 10000, -1.043]
(5, 5, 6, 6),15,[-10085, 10000, -1.0085]
(5, 6, 6, 6),0,[0, 10000, 0.0]
(5, 6, 6, 6),1,[98745, 10000, 9.8745]
(5, 6, 6, 6),2,[-74745, 10000, -7.4745]
(5, 6, 6, 6),3,[-13665, 10000, -1.3665]
(5, 6, 6, 6),4,[-75045, 10000, -7.5045]
(5, 6, 6, 6),5,[-10495, 10000, -1.0495]
(5, 6, 6, 6),6,[-91800, 10000, -9.18]
(5, 6, 6, 6),7,[-59805, 10000, -5.9805]
(5, 6, 6, 6),8,[-75320, 10000, -7.532]
(5, 6, 6, 6),9,[-11715, 10000, -1.1715]
(5, 6, 6, 6),10,[-91145, 10000, -9.1145]
(5, 6, 6, 6),11,[-60980, 10000, -6.098]
(5, 6, 6, 6),12,[-91920, 10000, -9.192]
(5, 6, 6, 6),13,[-61685, 10000, -6.1685]
(5, 6, 6, 6),14,[-61315, 10000, -6.1315]
(5, 6, 6, 6),15,[-60755, 10000, -6.0755]
(6, 6, 6, 6),0,[0, 10000, 0.0]
(6, 6, 6, 6),1,[-199515, 10000, -19.9515]
(6, 6, 6, 6),2,[-199650, 10000, -19.965]
(6, 6, 6, 6),3,[-312540, 10000, -31.254]
(6, 6, 6, 6),4,[-200775, 10000, -20.0775]
(6, 6, 6, 6),5,[-311115, 10000, -31.1115]
(6, 6, 6, 6),6,[-314580, 10000, -31.458]
(6, 6, 6, 6),7,[-360140, 10000, -36.014]
(6, 6, 6, 6),8,[-200475, 10000, -20.0475]
(6, 6, 6, 6),9,[-311995, 10000, -31.1995]
(6, 6, 6, 6),10,[-310405, 10000, -31.0405]
(6, 6, 6, 6),11,[-360715, 10000, -36.0715]
(6, 6, 6, 6),12,[-312875, 10000, -31.2875]
(6, 6, 6, 6),13,[-361625, 10000, -36.1625]
(6, 6, 6, 6),14,[-361025, 10000, -36.1025]
(6, 6, 6, 6),15,[-360270, 10000, -36.027]
